+1.0000000E-01	+2.8681597E-01	-1.2023122E+02
+1.0490000E-01	+2.9934420E-01	-1.2165124E+02
+1.0980000E-01	+3.1167818E-01	-1.2306335E+02
+1.1470000E-01	+3.2381399E-01	-1.2446737E+02
+1.1960000E-01	+3.3574819E-01	-1.2586312E+02
+1.2450000E-01	+3.4747784E-01	-1.2725046E+02
+1.2940000E-01	+3.5900045E-01	-1.2862926E+02
+1.3430000E-01	+3.7031401E-01	-1.2999939E+02
+1.3920000E-01	+3.8141693E-01	-1.3136076E+02
+1.4410000E-01	+3.9230807E-01	-1.3271330E+02
+1.4900000E-01	+4.0298666E-01	-1.3405693E+02
+1.5390000E-01	+4.1345234E-01	-1.3539161E+02
+1.5880000E-01	+4.2370510E-01	-1.3671731E+02
+1.6370000E-01	+4.3374526E-01	-1.3803401E+02
+1.6860000E-01	+4.4357349E-01	-1.3934171E+02
+1.7350000E-01	+4.5319074E-01	-1.4064041E+02
+1.7840000E-01	+4.6259823E-01	-1.4193014E+02
+1.8330000E-01	+4.7179745E-01	-1.4321093E+02
+1.8820000E-01	+4.8079012E-01	-1.4448284E+02
+1.9310000E-01	+4.8957820E-01	-1.4574591E+02
+1.9800000E-01	+4.9816381E-01	-1.4700021E+02
+2.0290000E-01	+5.0654926E-01	-1.4824582E+02
+2.0780000E-01	+5.1473705E-01	-1.4948283E+02
+2.1270000E-01	+5.2272978E-01	-1.5071132E+02
+2.1760000E-01	+5.3053020E-01	-1.5193141E+02
+2.2250000E-01	+5.3814117E-01	-1.5314319E+02
+2.2740000E-01	+5.4556565E-01	-1.5434679E+02
+2.3230000E-01	+5.5280665E-01	-1.5554232E+02
+2.3720000E-01	+5.5986729E-01	-1.5672991E+02
+2.4210000E-01	+5.6675072E-01	-1.5790970E+02
+2.4700000E-01	+5.7346014E-01	-1.5908181E+02
+2.5190000E-01	+5.7999879E-01	-1.6024639E+02
+2.5680000E-01	+5.8636993E-01	-1.6140358E+02
+2.6170000E-01	+5.9257682E-01	-1.6255353E+02
+2.6660000E-01	+5.9862275E-01	-1.6369639E+02
+2.7150000E-01	+6.0451098E-01	-1.6483231E+02
+2.7640000E-01	+6.1024478E-01	-1.6596144E+02
+2.8130000E-01	+6.1582740E-01	-1.6708395E+02
+2.8620000E-01	+6.2126207E-01	-1.6819999E+02
+2.9110000E-01	+6.2655197E-01	-1.6930972E+02
+2.9600000E-01	+6.3170028E-01	-1.7041330E+02
+3.0090000E-01	+6.3671012E-01	-1.7151090E+02
+3.0580000E-01	+6.4158458E-01	-1.7260267E+02
+3.1070000E-01	+6.4632671E-01	-1.7368878E+02
+3.1560000E-01	+6.5093949E-01	-1.7476939E+02
+3.2050000E-01	+6.5542587E-01	-1.7584467E+02
+3.2540000E-01	+6.5978876E-01	-1.7691478E+02
+3.3030000E-01	+6.6403098E-01	-1.7797988E+02
+3.3520000E-01	+6.6815532E-01	-1.7904014E+02
+3.4010000E-01	+6.7216450E-01	+1.7990428E+02
+3.4500000E-01	+6.7606121E-01	+1.7885322E+02
+3.4990000E-01	+6.7984805E-01	+1.7780652E+02
+3.5480000E-01	+6.8352757E-01	+1.7676401E+02
+3.5970000E-01	+6.8710226E-01	+1.7572554E+02
+3.6460000E-01	+6.9057455E-01	+1.7469094E+02
+3.6950000E-01	+6.9394683E-01	+1.7366006E+02
+3.7440000E-01	+6.9722140E-01	+1.7263273E+02
+3.7930000E-01	+7.0040051E-01	+1.7160880E+02
+3.8420000E-01	+7.0348636E-01	+1.7058811E+02
+3.8910000E-01	+7.0648108E-01	+1.6957051E+02
+3.9400000E-01	+7.0938675E-01	+1.6855583E+02
+3.9890000E-01	+7.1220539E-01	+1.6754393E+02
+4.0380000E-01	+7.1493897E-01	+1.6653466E+02
+4.0870000E-01	+7.1758939E-01	+1.6552785E+02
+4.1360000E-01	+7.2015849E-01	+1.6452336E+02
+4.1850000E-01	+7.2264809E-01	+1.6352103E+02
+4.2340000E-01	+7.2505991E-01	+1.6252072E+02
+4.2830000E-01	+7.2739566E-01	+1.6152228E+02
+4.3320000E-01	+7.2965697E-01	+1.6052555E+02
+4.3810000E-01	+7.3184543E-01	+1.5953040E+02
+4.4300000E-01	+7.3396258E-01	+1.5853666E+02
+4.4790000E-01	+7.3600991E-01	+1.5754420E+02
+4.5280000E-01	+7.3798886E-01	+1.5655286E+02
+4.5770000E-01	+7.3990083E-01	+1.5556252E+02
+4.6260000E-01	+7.4174717E-01	+1.5457300E+02
+4.6750000E-01	+7.4352919E-01	+1.5358418E+02
+4.7240000E-01	+7.4524814E-01	+1.5259592E+02
+4.7730000E-01	+7.4690526E-01	+1.5160805E+02
+4.8220000E-01	+7.4850171E-01	+1.5062045E+02
+4.8710000E-01	+7.5003864E-01	+1.4963297E+02
+4.9200000E-01	+7.5151714E-01	+1.4864546E+02
+4.9690000E-01	+7.5293828E-01	+1.4765779E+02
+5.0180000E-01	+7.5430308E-01	+1.4666980E+02
+5.0670000E-01	+7.5561253E-01	+1.4568137E+02
+5.1160000E-01	+7.5686757E-01	+1.4469234E+02
+5.1650000E-01	+7.5806912E-01	+1.4370258E+02
+5.2140000E-01	+7.5921807E-01	+1.4271194E+02
+5.2630000E-01	+7.6031526E-01	+1.4172027E+02
+5.3120000E-01	+7.6136152E-01	+1.4072745E+02
+5.3610000E-01	+7.6235762E-01	+1.3973331E+02
+5.4100000E-01	+7.6330432E-01	+1.3873773E+02
+5.4590000E-01	+7.6420236E-01	+1.3774056E+02
+5.5080000E-01	+7.6505242E-01	+1.3674164E+02
+5.5570000E-01	+7.6585518E-01	+1.3574085E+02
+5.6060000E-01	+7.6661129E-01	+1.3473802E+02
+5.6550000E-01	+7.6732135E-01	+1.3373303E+02
+5.7040000E-01	+7.6798596E-01	+1.3272571E+02
+5.7530000E-01	+7.6860569E-01	+1.3171594E+02
+5.8020000E-01	+7.6918108E-01	+1.3070354E+02
+5.8510000E-01	+7.6971265E-01	+1.2968839E+02
+5.9000000E-01	+7.7020090E-01	+1.2867033E+02
+5.9490000E-01	+7.7064630E-01	+1.2764920E+02
+5.9980000E-01	+7.7104931E-01	+1.2662486E+02
+6.0470000E-01	+7.7141037E-01	+1.2559716E+02
+6.0960000E-01	+7.7172988E-01	+1.2456594E+02
+6.1450000E-01	+7.7200825E-01	+1.2353105E+02
+6.1940000E-01	+7.7224586E-01	+1.2249233E+02
+6.2430000E-01	+7.7244306E-01	+1.2144963E+02
+6.2920000E-01	+7.7260020E-01	+1.2040278E+02
+6.3410000E-01	+7.7271762E-01	+1.1935163E+02
+6.3900000E-01	+7.7279562E-01	+1.1829602E+02
+6.4390000E-01	+7.7283450E-01	+1.1723578E+02
+6.4880000E-01	+7.7283456E-01	+1.1617075E+02
+6.5370000E-01	+7.7279606E-01	+1.1510076E+02
+6.5860000E-01	+7.7271928E-01	+1.1402565E+02
+6.6350000E-01	+7.7260445E-01	+1.1294525E+02
+6.6840000E-01	+7.7245182E-01	+1.1185939E+02
+6.7330000E-01	+7.7226162E-01	+1.1076789E+02
+6.7820000E-01	+7.7203407E-01	+1.0967057E+02
+6.8310000E-01	+7.7176939E-01	+1.0856728E+02
+6.8800000E-01	+7.7146778E-01	+1.0745782E+02
+6.9290000E-01	+7.7112945E-01	+1.0634202E+02
+6.9780000E-01	+7.7075460E-01	+1.0521969E+02
+7.0270000E-01	+7.7034341E-01	+1.0409065E+02
+7.0760000E-01	+7.6989608E-01	+1.0295472E+02
+7.1250000E-01	+7.6941279E-01	+1.0181170E+02
+7.1740000E-01	+7.6889373E-01	+1.0066141E+02
+7.2230000E-01	+7.6833910E-01	+9.9503658E+01
+7.2720000E-01	+7.6774907E-01	+9.8338246E+01
+7.3210000E-01	+7.6712384E-01	+9.7164979E+01
+7.3700000E-01	+7.6646360E-01	+9.5983660E+01
+7.4190000E-01	+7.6576856E-01	+9.4794088E+01
+7.4680000E-01	+7.6503893E-01	+9.3596060E+01
+7.5170000E-01	+7.6427491E-01	+9.2389374E+01
+7.5660000E-01	+7.6347674E-01	+9.1173822E+01
+7.6150000E-01	+7.6264465E-01	+8.9949196E+01
+7.6640000E-01	+7.6177889E-01	+8.8715287E+01
+7.7130000E-01	+7.6087973E-01	+8.7471882E+01
+7.7620000E-01	+7.5994743E-01	+8.6218768E+01
+7.8110000E-01	+7.5898231E-01	+8.4955730E+01
+7.8600000E-01	+7.5798467E-01	+8.3682551E+01
+7.9090000E-01	+7.5695485E-01	+8.2399012E+01
+7.9580000E-01	+7.5589322E-01	+8.1104894E+01
+8.0070000E-01	+7.5480017E-01	+7.9799975E+01
+8.0560000E-01	+7.5367610E-01	+7.8484033E+01
+8.1050000E-01	+7.5252146E-01	+7.7156846E+01
+8.1540000E-01	+7.5133673E-01	+7.5818190E+01
+8.2030000E-01	+7.5012242E-01	+7.4467839E+01
+8.2520000E-01	+7.4887908E-01	+7.3105570E+01
+8.3010000E-01	+7.4760729E-01	+7.1731157E+01
+8.3500000E-01	+7.4630768E-01	+7.0344377E+01
+8.3990000E-01	+7.4498092E-01	+6.8945003E+01
+8.4480000E-01	+7.4362774E-01	+6.7532814E+01
+8.4970000E-01	+7.4224890E-01	+6.6107587E+01
+8.5460000E-01	+7.4084522E-01	+6.4669101E+01
+8.5950000E-01	+7.3941758E-01	+6.3217136E+01
+8.6440000E-01	+7.3796690E-01	+6.1751476E+01
+8.6930000E-01	+7.3649417E-01	+6.0271906E+01
+8.7420000E-01	+7.3500046E-01	+5.8778216E+01
+8.7910000E-01	+7.3348687E-01	+5.7270199E+01
+8.8400000E-01	+7.3195459E-01	+5.5747652E+01
+8.8890000E-01	+7.3040488E-01	+5.4210375E+01
+8.9380000E-01	+7.2883907E-01	+5.2658177E+01
+8.9870000E-01	+7.2725855E-01	+5.1090872E+01
+9.0360000E-01	+7.2566481E-01	+4.9508278E+01
+9.0850000E-01	+7.2405940E-01	+4.7910225E+01
+9.1340000E-01	+7.2244396E-01	+4.6296548E+01
+9.1830000E-01	+7.2082021E-01	+4.4667093E+01
+9.2320000E-01	+7.1918995E-01	+4.3021714E+01
+9.2810000E-01	+7.1755508E-01	+4.1360277E+01
+9.3300000E-01	+7.1591756E-01	+3.9682662E+01
+9.3790000E-01	+7.1427945E-01	+3.7988757E+01
+9.4280000E-01	+7.1264291E-01	+3.6278468E+01
+9.4770000E-01	+7.1101015E-01	+3.4551713E+01
+9.5260000E-01	+7.0938351E-01	+3.2808428E+01
+9.5750000E-01	+7.0776538E-01	+3.1048563E+01
+9.6240000E-01	+7.0615824E-01	+2.9272088E+01
+9.6730000E-01	+7.0456466E-01	+2.7478992E+01
+9.7220000E-01	+7.0298727E-01	+2.5669284E+01
+9.7710000E-01	+7.0142880E-01	+2.3842994E+01
+9.8200000E-01	+6.9989202E-01	+2.2000173E+01
+9.8690000E-01	+6.9837980E-01	+2.0140898E+01
+9.9180000E-01	+6.9689503E-01	+1.8265269E+01
+9.9670000E-01	+6.9544068E-01	+1.6373411E+01
+1.0016000E+00	+6.9401977E-01	+1.4465478E+01
+1.0065000E+00	+6.9263535E-01	+1.2541650E+01
+1.0114000E+00	+6.9129050E-01	+1.0602134E+01
+1.0163000E+00	+6.8998832E-01	+8.6471691E+00
+1.0212000E+00	+6.8873195E-01	+6.6770230E+00
+1.0261000E+00	+6.8752449E-01	+4.6919943E+00
+1.0310000E+00	+6.8636907E-01	+2.6924128E+00
+1.0359000E+00	+6.8526878E-01	+6.7864003E-01
+1.0408000E+00	+6.8422669E-01	-1.3489303E+00
+1.0457000E+00	+6.8324582E-01	-3.3898725E+00
+1.0506000E+00	+6.8232914E-01	-5.4437285E+00
+1.0555000E+00	+6.8147955E-01	-7.5100085E+00
+1.0604000E+00	+6.8069985E-01	-9.5881908E+00
+1.0653000E+00	+6.7999278E-01	-1.1677722E+01
+1.0702000E+00	+6.7936093E-01	-1.3778020E+01
+1.0751000E+00	+6.7880680E-01	-1.5888470E+01
+1.0800000E+00	+6.7833273E-01	-1.8008432E+01
+1.0849000E+00	+6.7794093E-01	-2.0137236E+01
+1.0898000E+00	+6.7763344E-01	-2.2274186E+01
+1.0947000E+00	+6.7741213E-01	-2.4418565E+01
+1.0996000E+00	+6.7727867E-01	-2.6569629E+01
+1.1045000E+00	+6.7723456E-01	-2.8726617E+01
+1.1094000E+00	+6.7728108E-01	-3.0888747E+01
+1.1143000E+00	+6.7741931E-01	-3.3055222E+01
+1.1192000E+00	+6.7765010E-01	-3.5225231E+01
+1.1241000E+00	+6.7797407E-01	-3.7397953E+01
+1.1290000E+00	+6.7839164E-01	-3.9572554E+01
+1.1339000E+00	+6.7890295E-01	-4.1748199E+01
+1.1388000E+00	+6.7950796E-01	-4.3924047E+01
+1.1437000E+00	+6.8020634E-01	-4.6099255E+01
+1.1486000E+00	+6.8099757E-01	-4.8272983E+01
+1.1535000E+00	+6.8188087E-01	-5.0444398E+01
+1.1584000E+00	+6.8285524E-01	-5.2612671E+01
+1.1633000E+00	+6.8391948E-01	-5.4776983E+01
+1.1682000E+00	+6.8507213E-01	-5.6936530E+01
+1.1731000E+00	+6.8631155E-01	-5.9090519E+01
+1.1780000E+00	+6.8763590E-01	-6.1238177E+01
+1.1829000E+00	+6.8904315E-01	-6.3378749E+01
+1.1878000E+00	+6.9053108E-01	-6.5511501E+01
+1.1927000E+00	+6.9209732E-01	-6.7635721E+01
+1.1976000E+00	+6.9373933E-01	-6.9750723E+01
+1.2025000E+00	+6.9545443E-01	-7.1855845E+01
+1.2074000E+00	+6.9723983E-01	-7.3950455E+01
+1.2123000E+00	+6.9909261E-01	-7.6033947E+01
+1.2172000E+00	+7.0100975E-01	-7.8105745E+01
+1.2221000E+00	+7.0298816E-01	-8.0165302E+01
+1.2270000E+00	+7.0502466E-01	-8.2212104E+01
+1.2319000E+00	+7.0711603E-01	-8.4245664E+01
+1.2368000E+00	+7.0925900E-01	-8.6265530E+01
+1.2417000E+00	+7.1145026E-01	-8.8271279E+01
+1.2466000E+00	+7.1368651E-01	-9.0262519E+01
+1.2515000E+00	+7.1596441E-01	-9.2238889E+01
+1.2564000E+00	+7.1828066E-01	-9.4200060E+01
+1.2613000E+00	+7.2063196E-01	-9.6145730E+01
+1.2662000E+00	+7.2301506E-01	-9.8075629E+01
+1.2711000E+00	+7.2542672E-01	-9.9989515E+01
+1.2760000E+00	+7.2786378E-01	-1.0188717E+02
+1.2809000E+00	+7.3032311E-01	-1.0376842E+02
+1.2858000E+00	+7.3280168E-01	-1.0563309E+02
+1.2907000E+00	+7.3529650E-01	-1.0748104E+02
+1.2956000E+00	+7.3780467E-01	-1.0931218E+02
+1.3005000E+00	+7.4032337E-01	-1.1112640E+02
+1.3054000E+00	+7.4284989E-01	-1.1292366E+02
+1.3103000E+00	+7.4538158E-01	-1.1470389E+02
+1.3152000E+00	+7.4791592E-01	-1.1646708E+02
+1.3201000E+00	+7.5045045E-01	-1.1821322E+02
+1.3250000E+00	+7.5298285E-01	-1.1994234E+02
+1.3299000E+00	+7.5551087E-01	-1.2165444E+02
+1.3348000E+00	+7.5803238E-01	-1.2334960E+02
+1.3397000E+00	+7.6054536E-01	-1.2502786E+02
+1.3446000E+00	+7.6304786E-01	-1.2668930E+02
+1.3495000E+00	+7.6553808E-01	-1.2833402E+02
+1.3544000E+00	+7.6801427E-01	-1.2996211E+02
+1.3593000E+00	+7.7047483E-01	-1.3157369E+02
+1.3642000E+00	+7.7291822E-01	-1.3316888E+02
+1.3691000E+00	+7.7534302E-01	-1.3474782E+02
+1.3740000E+00	+7.7774790E-01	-1.3631065E+02
+1.3789000E+00	+7.8013160E-01	-1.3785751E+02
+1.3838000E+00	+7.8249298E-01	-1.3938857E+02
+1.3887000E+00	+7.8483098E-01	-1.4090399E+02
+1.3936000E+00	+7.8714460E-01	-1.4240394E+02
+1.3985000E+00	+7.8943296E-01	-1.4388860E+02
+1.4034000E+00	+7.9169523E-01	-1.4535815E+02
+1.4083000E+00	+7.9393067E-01	-1.4681277E+02
+1.4132000E+00	+7.9613859E-01	-1.4825266E+02
+1.4181000E+00	+7.9831839E-01	-1.4967800E+02
+1.4230000E+00	+8.0046953E-01	-1.5108899E+02
+1.4279000E+00	+8.0259153E-01	-1.5248583E+02
+1.4328000E+00	+8.0468398E-01	-1.5386872E+02
+1.4377000E+00	+8.0674650E-01	-1.5523785E+02
+1.4426000E+00	+8.0877880E-01	-1.5659344E+02
+1.4475000E+00	+8.1078061E-01	-1.5793568E+02
+1.4524000E+00	+8.1275173E-01	-1.5926478E+02
+1.4573000E+00	+8.1469198E-01	-1.6058094E+02
+1.4622000E+00	+8.1660124E-01	-1.6188436E+02
+1.4671000E+00	+8.1847944E-01	-1.6317525E+02
+1.4720000E+00	+8.2032652E-01	-1.6445381E+02
+1.4769000E+00	+8.2214247E-01	-1.6572025E+02
+1.4818000E+00	+8.2392732E-01	-1.6697476E+02
+1.4867000E+00	+8.2568110E-01	-1.6821755E+02
+1.4916000E+00	+8.2740391E-01	-1.6944881E+02
+1.4965000E+00	+8.2909584E-01	-1.7066874E+02
+1.5014000E+00	+8.3075702E-01	-1.7187754E+02
+1.5063000E+00	+8.3238761E-01	-1.7307541E+02
+1.5112000E+00	+8.3398777E-01	-1.7426253E+02
+1.5161000E+00	+8.3555768E-01	-1.7543909E+02
+1.5210000E+00	+8.3709756E-01	-1.7660529E+02
+1.5259000E+00	+8.3860762E-01	-1.7776132E+02
+1.5308000E+00	+8.4008810E-01	-1.7890735E+02
+1.5357000E+00	+8.4153925E-01	+1.7995643E+02
+1.5406000E+00	+8.4296131E-01	+1.7882983E+02
+1.5455000E+00	+8.4435456E-01	+1.7771269E+02
+1.5504000E+00	+8.4571928E-01	+1.7660482E+02
+1.5553000E+00	+8.4705574E-01	+1.7550605E+02
+1.5602000E+00	+8.4836423E-01	+1.7441621E+02
+1.5651000E+00	+8.4964505E-01	+1.7333513E+02
+1.5700000E+00	+8.5089850E-01	+1.7226265E+02
+1.5749000E+00	+8.5212488E-01	+1.7119859E+02
+1.5798000E+00	+8.5332450E-01	+1.7014280E+02
+1.5847000E+00	+8.5449766E-01	+1.6909511E+02
+1.5896000E+00	+8.5564468E-01	+1.6805537E+02
+1.5945000E+00	+8.5676587E-01	+1.6702343E+02
+1.5994000E+00	+8.5786154E-01	+1.6599913E+02
+1.6043000E+00	+8.5893200E-01	+1.6498232E+02
+1.6092000E+00	+8.5997759E-01	+1.6397282E+02
+1.6141000E+00	+8.6099827E-01	+1.6297072E+02
+1.6190000E+00	+8.6199507E-01	+1.6197542E+02
+1.6239000E+00	+8.6296777E-01	+1.6098711E+02
+1.6288000E+00	+8.6391677E-01	+1.6000558E+02
+1.6337000E+00	+8.6484239E-01	+1.5903070E+02
+1.6386000E+00	+8.6574491E-01	+1.5806231E+02
+1.6435000E+00	+8.6662465E-01	+1.5710030E+02
+1.6484000E+00	+8.6748187E-01	+1.5614453E+02
+1.6533000E+00	+8.6831688E-01	+1.5519487E+02
+1.6582000E+00	+8.6912994E-01	+1.5425120E+02
+1.6631000E+00	+8.6992134E-01	+1.5331339E+02
+1.6680000E+00	+8.7069135E-01	+1.5238132E+02
+1.6729000E+00	+8.7144023E-01	+1.5145487E+02
+1.6778000E+00	+8.7216825E-01	+1.5053393E+02
+1.6827000E+00	+8.7287566E-01	+1.4961837E+02
+1.6876000E+00	+8.7356272E-01	+1.4870808E+02
+1.6925000E+00	+8.7422967E-01	+1.4780295E+02
+1.6974000E+00	+8.7487675E-01	+1.4690288E+02
+1.7023000E+00	+8.7550420E-01	+1.4600774E+02
+1.7072000E+00	+8.7611225E-01	+1.4511743E+02
+1.7121000E+00	+8.7670112E-01	+1.4423186E+02
+1.7170000E+00	+8.7727104E-01	+1.4335090E+02
+1.7219000E+00	+8.7782221E-01	+1.4247447E+02
+1.7268000E+00	+8.7835485E-01	+1.4160247E+02
+1.7317000E+00	+8.7886916E-01	+1.4073478E+02
+1.7366000E+00	+8.7936533E-01	+1.3987132E+02
+1.7415000E+00	+8.7984356E-01	+1.3901199E+02
+1.7464000E+00	+8.8030402E-01	+1.3815669E+02
+1.7513000E+00	+8.8074691E-01	+1.3730534E+02
+1.7562000E+00	+8.8117239E-01	+1.3645783E+02
+1.7611000E+00	+8.8158064E-01	+1.3561409E+02
+1.7660000E+00	+8.8197181E-01	+1.3477402E+02
+1.7709000E+00	+8.8234606E-01	+1.3393753E+02
+1.7758000E+00	+8.8270354E-01	+1.3310454E+02
+1.7807000E+00	+8.8304440E-01	+1.3227497E+02
+1.7856000E+00	+8.8336878E-01	+1.3144872E+02
+1.7905000E+00	+8.8367681E-01	+1.3062572E+02
+1.7954000E+00	+8.8396863E-01	+1.2980589E+02
+1.8003000E+00	+8.8424435E-01	+1.2898914E+02
+1.8052000E+00	+8.8450408E-01	+1.2817539E+02
+1.8101000E+00	+8.8474796E-01	+1.2736458E+02
+1.8150000E+00	+8.8497607E-01	+1.2655662E+02
+1.8199000E+00	+8.8518853E-01	+1.2575143E+02
+1.8248000E+00	+8.8538542E-01	+1.2494894E+02
+1.8297000E+00	+8.8556684E-01	+1.2414908E+02
+1.8346000E+00	+8.8573287E-01	+1.2335178E+02
+1.8395000E+00	+8.8588360E-01	+1.2255695E+02
+1.8444000E+00	+8.8601909E-01	+1.2176453E+02
+1.8493000E+00	+8.8613941E-01	+1.2097446E+02
+1.8542000E+00	+8.8624464E-01	+1.2018665E+02
+1.8591000E+00	+8.8633482E-01	+1.1940105E+02
+1.8640000E+00	+8.8641001E-01	+1.1861758E+02
+1.8689000E+00	+8.8647026E-01	+1.1783617E+02
+1.8738000E+00	+8.8651560E-01	+1.1705677E+02
+1.8787000E+00	+8.8654609E-01	+1.1627930E+02
+1.8836000E+00	+8.8656175E-01	+1.1550370E+02
+1.8885000E+00	+8.8656261E-01	+1.1472991E+02
+1.8934000E+00	+8.8654868E-01	+1.1395786E+02
+1.8983000E+00	+8.8651999E-01	+1.1318748E+02
+1.9032000E+00	+8.8647656E-01	+1.1241873E+02
+1.9081000E+00	+8.8641838E-01	+1.1165153E+02
+1.9130000E+00	+8.8634545E-01	+1.1088582E+02
+1.9179000E+00	+8.8625778E-01	+1.1012154E+02
+1.9228000E+00	+8.8615536E-01	+1.0935864E+02
+1.9277000E+00	+8.8603818E-01	+1.0859705E+02
+1.9326000E+00	+8.8590620E-01	+1.0783672E+02
+1.9375000E+00	+8.8575943E-01	+1.0707758E+02
+1.9424000E+00	+8.8559781E-01	+1.0631959E+02
+1.9473000E+00	+8.8542133E-01	+1.0556267E+02
+1.9522000E+00	+8.8522994E-01	+1.0480677E+02
+1.9571000E+00	+8.8502360E-01	+1.0405184E+02
+1.9620000E+00	+8.8480227E-01	+1.0329782E+02
+1.9669000E+00	+8.8456588E-01	+1.0254466E+02
+1.9718000E+00	+8.8431439E-01	+1.0179229E+02
+1.9767000E+00	+8.8404772E-01	+1.0104067E+02
+1.9816000E+00	+8.8376582E-01	+1.0028973E+02
+1.9865000E+00	+8.8346861E-01	+9.9539427E+01
+1.9914000E+00	+8.8315600E-01	+9.8789703E+01
+1.9963000E+00	+8.8282793E-01	+9.8040504E+01
+2.0012000E+00	+8.8248429E-01	+9.7291775E+01
+2.0061000E+00	+8.8212500E-01	+9.6543464E+01
+2.0110000E+00	+8.8174996E-01	+9.5795516E+01
+2.0159000E+00	+8.8135907E-01	+9.5047879E+01
+2.0208000E+00	+8.8095222E-01	+9.4300500E+01
+2.0257000E+00	+8.8052929E-01	+9.3553325E+01
+2.0306000E+00	+8.8009018E-01	+9.2806302E+01
+2.0355000E+00	+8.7963475E-01	+9.2059379E+01
+2.0404000E+00	+8.7916287E-01	+9.1312504E+01
+2.0453000E+00	+8.7867443E-01	+9.0565624E+01
+2.0502000E+00	+8.7816926E-01	+8.9818686E+01
+2.0551000E+00	+8.7764725E-01	+8.9071640E+01
+2.0600000E+00	+8.7710823E-01	+8.8324433E+01
+2.0649000E+00	+8.7655205E-01	+8.7577013E+01
+2.0698000E+00	+8.7597855E-01	+8.6829329E+01
+2.0747000E+00	+8.7538758E-01	+8.6081328E+01
+2.0796000E+00	+8.7477896E-01	+8.5332960E+01
+2.0845000E+00	+8.7415251E-01	+8.4584172E+01
+2.0894000E+00	+8.7350807E-01	+8.3834912E+01
+2.0943000E+00	+8.7284544E-01	+8.3085130E+01
+2.0992000E+00	+8.7216443E-01	+8.2334773E+01
+2.1041000E+00	+8.7146485E-01	+8.1583790E+01
+2.1090000E+00	+8.7074651E-01	+8.0832129E+01
+2.1139000E+00	+8.7000919E-01	+8.0079738E+01
+2.1188000E+00	+8.6925269E-01	+7.9326565E+01
+2.1237000E+00	+8.6847679E-01	+7.8572558E+01
+2.1286000E+00	+8.6768128E-01	+7.7817665E+01
+2.1335000E+00	+8.6686591E-01	+7.7061834E+01
+2.1384000E+00	+8.6603047E-01	+7.6305013E+01
+2.1433000E+00	+8.6517472E-01	+7.5547149E+01
+2.1482000E+00	+8.6429842E-01	+7.4788190E+01
+2.1531000E+00	+8.6340133E-01	+7.4028083E+01
+2.1580000E+00	+8.6248318E-01	+7.3266775E+01
+2.1629000E+00	+8.6154372E-01	+7.2504213E+01
+2.1678000E+00	+8.6058271E-01	+7.1740344E+01
+2.1727000E+00	+8.5959985E-01	+7.0975114E+01
+2.1776000E+00	+8.5859490E-01	+7.0208470E+01
+2.1825000E+00	+8.5756757E-01	+6.9440358E+01
+2.1874000E+00	+8.5651757E-01	+6.8670724E+01
+2.1923000E+00	+8.5544463E-01	+6.7899513E+01
+2.1972000E+00	+8.5434845E-01	+6.7126671E+01
+2.2021000E+00	+8.5322874E-01	+6.6352143E+01
+2.2070000E+00	+8.5208520E-01	+6.5575874E+01
+2.2119000E+00	+8.5091753E-01	+6.4797808E+01
+2.2168000E+00	+8.4972541E-01	+6.4017890E+01
+2.2217000E+00	+8.4850853E-01	+6.3236063E+01
+2.2266000E+00	+8.4726658E-01	+6.2452271E+01
+2.2315000E+00	+8.4599923E-01	+6.1666458E+01
+2.2364000E+00	+8.4470616E-01	+6.0878566E+01
+2.2413000E+00	+8.4338703E-01	+6.0088537E+01
+2.2462000E+00	+8.4204153E-01	+5.9296314E+01
+2.2511000E+00	+8.4066930E-01	+5.8501839E+01
+2.2560000E+00	+8.3927000E-01	+5.7705052E+01
+2.2609000E+00	+8.3784331E-01	+5.6905895E+01
+2.2658000E+00	+8.3638885E-01	+5.6104308E+01
+2.2707000E+00	+8.3490630E-01	+5.5300232E+01
+2.2756000E+00	+8.3339527E-01	+5.4493605E+01
+2.2805000E+00	+8.3185523E-01	+5.3684367E+01
+2.2854000E+00	+8.3028666E-01	+5.2872455E+01
+2.2903000E+00	+8.2868809E-01	+5.2057809E+01
+2.2952000E+00	+8.2705968E-01	+5.1240366E+01
+2.3001000E+00	+8.2540104E-01	+5.0420063E+01
+2.3050000E+00	+8.2371179E-01	+4.9596836E+01
+2.3099000E+00	+8.2199156E-01	+4.8770620E+01
+2.3148000E+00	+8.2023999E-01	+4.7941352E+01
+2.3197000E+00	+8.1845671E-01	+4.7108965E+01
+2.3246000E+00	+8.1664135E-01	+4.6273394E+01
+2.3295000E+00	+8.1479356E-01	+4.5434572E+01
+2.3344000E+00	+8.1291297E-01	+4.4592432E+01
+2.3393000E+00	+8.1099921E-01	+4.3746904E+01
+2.3442000E+00	+8.0905192E-01	+4.2897922E+01
+2.3491000E+00	+8.0707075E-01	+4.2045414E+01
+2.3540000E+00	+8.0505533E-01	+4.1189311E+01
+2.3589000E+00	+8.0300532E-01	+4.0329542E+01
+2.3638000E+00	+8.0092036E-01	+3.9466034E+01
+2.3687000E+00	+7.9880010E-01	+3.8598715E+01
+2.3736000E+00	+7.9664421E-01	+3.7727511E+01
+2.3785000E+00	+7.9445235E-01	+3.6852348E+01
+2.3834000E+00	+7.9222419E-01	+3.5973149E+01
+2.3883000E+00	+7.8995940E-01	+3.5089839E+01
+2.3932000E+00	+7.8765767E-01	+3.4202339E+01
+2.3981000E+00	+7.8531868E-01	+3.3310572E+01
+2.4030000E+00	+7.8294215E-01	+3.2414457E+01
+2.4079000E+00	+7.8052776E-01	+3.1513915E+01
+2.4128000E+00	+7.7807525E-01	+3.0608862E+01
+2.4177000E+00	+7.7558435E-01	+2.9699215E+01
+2.4226000E+00	+7.7305478E-01	+2.8784891E+01
+2.4275000E+00	+7.7048630E-01	+2.7865804E+01
+2.4324000E+00	+7.6787869E-01	+2.6941866E+01
+2.4373000E+00	+7.6523171E-01	+2.6012990E+01
+2.4422000E+00	+7.6254516E-01	+2.5079084E+01
+2.4471000E+00	+7.5981885E-01	+2.4140059E+01
+2.4520000E+00	+7.5705261E-01	+2.3195821E+01
+2.4569000E+00	+7.5424628E-01	+2.2246275E+01
+2.4618000E+00	+7.5139972E-01	+2.1291325E+01
+2.4667000E+00	+7.4851281E-01	+2.0330874E+01
+2.4716000E+00	+7.4558546E-01	+1.9364821E+01
+2.4765000E+00	+7.4261759E-01	+1.8393065E+01
+2.4814000E+00	+7.3960914E-01	+1.7415500E+01
+2.4863000E+00	+7.3656009E-01	+1.6432027E+01
+2.4912000E+00	+7.3347043E-01	+1.5442532E+01
+2.4961000E+00	+7.3034018E-01	+1.4446907E+01
+2.5010000E+00	+7.2716940E-01	+1.3445039E+01
+2.5059000E+00	+7.2395815E-01	+1.2436815E+01
+2.5108000E+00	+7.2070655E-01	+1.1422116E+01
+2.5157000E+00	+7.1741473E-01	+1.0400825E+01
+2.5206000E+00	+7.1408287E-01	+9.3728178E+00
+2.5255000E+00	+7.1071116E-01	+8.3379704E+00
+2.5304000E+00	+7.0729985E-01	+7.2961549E+00
+2.5353000E+00	+7.0384921E-01	+6.2472406E+00
+2.5402000E+00	+7.0035956E-01	+5.1910938E+00
+2.5451000E+00	+6.9683123E-01	+4.1275777E+00
+2.5500000E+00	+6.9326464E-01	+3.0565523E+00
+2.5549000E+00	+6.8966020E-01	+1.9778741E+00
+2.5598000E+00	+6.8601840E-01	+8.9139626E-01
+2.5647000E+00	+6.8233975E-01	-2.0303178E-01
+2.5696000E+00	+6.7862483E-01	-1.3055642E+00
+2.5745000E+00	+6.7487424E-01	-2.4163588E+00
+2.5794000E+00	+6.7108866E-01	-3.5355777E+00
+2.5843000E+00	+6.6726880E-01	-4.6633866E+00
+2.5892000E+00	+6.6341542E-01	-5.7999557E+00
+2.5941000E+00	+6.5952934E-01	-6.9454592E+00
+2.5990000E+00	+6.5561145E-01	-8.1000758E+00
+2.6039000E+00	+6.5166267E-01	-9.2639883E+00
+2.6088000E+00	+6.4768399E-01	-1.0437385E+01
+2.6137000E+00	+6.4367647E-01	-1.1620457E+01
+2.6186000E+00	+6.3964122E-01	-1.2813402E+01
+2.6235000E+00	+6.3557942E-01	-1.4016421E+01
+2.6284000E+00	+6.3149231E-01	-1.5229721E+01
+2.6333000E+00	+6.2738121E-01	-1.6453514E+01
+2.6382000E+00	+6.2324748E-01	-1.7688014E+01
+2.6431000E+00	+6.1909258E-01	-1.8933445E+01
+2.6480000E+00	+6.1491803E-01	-2.0190031E+01
+2.6529000E+00	+6.1072543E-01	-2.1458003E+01
+2.6578000E+00	+6.0651644E-01	-2.2737597E+01
+2.6627000E+00	+6.0229281E-01	-2.4029055E+01
+2.6676000E+00	+5.9805638E-01	-2.5332620E+01
+2.6725000E+00	+5.9380905E-01	-2.6648542E+01
+2.6774000E+00	+5.8955280E-01	-2.7977076E+01
+2.6823000E+00	+5.8528973E-01	-2.9318479E+01
+2.6872000E+00	+5.8102198E-01	-3.0673013E+01
+2.6921000E+00	+5.7675181E-01	-3.2040943E+01
+2.6970000E+00	+5.7248155E-01	-3.3422539E+01
+2.7019000E+00	+5.6821364E-01	-3.4818071E+01
+2.7068000E+00	+5.6395059E-01	-3.6227813E+01
+2.7117000E+00	+5.5969502E-01	-3.7652041E+01
+2.7166000E+00	+5.5544965E-01	-3.9091030E+01
+2.7215000E+00	+5.5121727E-01	-4.0545057E+01
+2.7264000E+00	+5.4700080E-01	-4.2014399E+01
+2.7313000E+00	+5.4280322E-01	-4.3499331E+01
+2.7362000E+00	+5.3862764E-01	-4.5000125E+01
+2.7411000E+00	+5.3447726E-01	-4.6517051E+01
+2.7460000E+00	+5.3035538E-01	-4.8050373E+01
+2.7509000E+00	+5.2626539E-01	-4.9600351E+01
+2.7558000E+00	+5.2221079E-01	-5.1167237E+01
+2.7607000E+00	+5.1819516E-01	-5.2751274E+01
+2.7656000E+00	+5.1422221E-01	-5.4352694E+01
+2.7705000E+00	+5.1029570E-01	-5.5971718E+01
+2.7754000E+00	+5.0641951E-01	-5.7608553E+01
+2.7803000E+00	+5.0259762E-01	-5.9263389E+01
+2.7852000E+00	+4.9883407E-01	-6.0936398E+01
+2.7901000E+00	+4.9513300E-01	-6.2627733E+01
+2.7950000E+00	+4.9149862E-01	-6.4337522E+01
+2.7999000E+00	+4.8793520E-01	-6.6065870E+01
+2.8048000E+00	+4.8444711E-01	-6.7812853E+01
+2.8097000E+00	+4.8103875E-01	-6.9578517E+01
+2.8146000E+00	+4.7771457E-01	-7.1362875E+01
+2.8195000E+00	+4.7447909E-01	-7.3165905E+01
+2.8244000E+00	+4.7133683E-01	-7.4987545E+01
+2.8293000E+00	+4.6829236E-01	-7.6827694E+01
+2.8342000E+00	+4.6535023E-01	-7.8686206E+01
+2.8391000E+00	+4.6251501E-01	-8.0562888E+01
+2.8440000E+00	+4.5979122E-01	-8.2457506E+01
+2.8489000E+00	+4.5718341E-01	-8.4369764E+01
+2.8538000E+00	+4.5469602E-01	-8.6299321E+01
+2.8587000E+00	+4.5233347E-01	-8.8245779E+01
+2.8636000E+00	+4.5010006E-01	-9.0208687E+01
+2.8685000E+00	+4.4800001E-01	-9.2187535E+01
+2.8734000E+00	+4.4603744E-01	-9.4181756E+01
+2.8783000E+00	+4.4421630E-01	-9.6190729E+01
+2.8832000E+00	+4.4254043E-01	-9.8213746E+01
+2.8881000E+00	+4.4101340E-01	-1.0025012E+02
+2.8930000E+00	+4.3963870E-01	-1.0229902E+02
+2.8979000E+00	+4.3841955E-01	-1.0435962E+02
+2.9028000E+00	+4.3735892E-01	-1.0643100E+02
+2.9077000E+00	+4.3645957E-01	-1.0851224E+02
+2.9126000E+00	+4.3572397E-01	-1.1060234E+02
+2.9175000E+00	+4.3515435E-01	-1.1270025E+02
+2.9224000E+00	+4.3475249E-01	-1.1480498E+02
+2.9273000E+00	+4.3452013E-01	-1.1691492E+02
+2.9322000E+00	+4.3445837E-01	-1.1903015E+02
+2.9371000E+00	+4.3456826E-01	-1.2114849E+02
+2.9420000E+00	+4.3485035E-01	-1.2326906E+02
+2.9469000E+00	+4.3530490E-01	-1.2539072E+02
+2.9518000E+00	+4.3593180E-01	-1.2751231E+02
+2.9567000E+00	+4.3673062E-01	-1.2963267E+02
+2.9616000E+00	+4.3770055E-01	-1.3175064E+02
+2.9665000E+00	+4.3884047E-01	-1.3386511E+02
+2.9714000E+00	+4.4014892E-01	-1.3597496E+02
+2.9763000E+00	+4.4162407E-01	-1.3807911E+02
+2.9812000E+00	+4.4326383E-01	-1.4017651E+02
+2.9861000E+00	+4.4506577E-01	-1.4226615E+02
+2.9910000E+00	+4.4702716E-01	-1.4434707E+02
+2.9959000E+00	+4.4914500E-01	-1.4641833E+02
+3.0008000E+00	+4.5141604E-01	-1.4847906E+02
+3.0057000E+00	+4.5383675E-01	-1.5052844E+02
+3.0106000E+00	+4.5640340E-01	-1.5256569E+02
+3.0155000E+00	+4.5911204E-01	-1.5459009E+02
+3.0204000E+00	+4.6195852E-01	-1.5660097E+02
+3.0253000E+00	+4.6493852E-01	-1.5859773E+02
+3.0302000E+00	+4.6804757E-01	-1.6057981E+02
+3.0351000E+00	+4.7128107E-01	-1.6254671E+02
+3.0400000E+00	+4.7463429E-01	-1.6449797E+02
+3.0449000E+00	+4.7810240E-01	-1.6643320E+02
+3.0498000E+00	+4.8168051E-01	-1.6835206E+02
+3.0547000E+00	+4.8536364E-01	-1.7025425E+02
+3.0596000E+00	+4.8914680E-01	-1.7213951E+02
+3.0645000E+00	+4.9302493E-01	-1.7400764E+02
+3.0694000E+00	+4.9699298E-01	-1.7585848E+02
+3.0743000E+00	+5.0104589E-01	-1.7769190E+02
+3.0792000E+00	+5.0517862E-01	-1.7950780E+02
+3.0841000E+00	+5.0938614E-01	+1.7869386E+02
+3.0890000E+00	+5.1366347E-01	+1.7691310E+02
+3.0939000E+00	+5.1800568E-01	+1.7514992E+02
+3.0988000E+00	+5.2240787E-01	+1.7340429E+02
+3.1037000E+00	+5.2686525E-01	+1.7167614E+02
+3.1086000E+00	+5.3137307E-01	+1.6996539E+02
+3.1135000E+00	+5.3592667E-01	+1.6827195E+02
+3.1184000E+00	+5.4052149E-01	+1.6659569E+02
+3.1233000E+00	+5.4515305E-01	+1.6493648E+02
+3.1282000E+00	+5.4981699E-01	+1.6329417E+02
+3.1331000E+00	+5.5450902E-01	+1.6166859E+02
+3.1380000E+00	+5.5922500E-01	+1.6005957E+02
+3.1429000E+00	+5.6396088E-01	+1.5846693E+02
+3.1478000E+00	+5.6871272E-01	+1.5689047E+02
+3.1527000E+00	+5.7347672E-01	+1.5533001E+02
+3.1576000E+00	+5.7824917E-01	+1.5378533E+02
+3.1625000E+00	+5.8302652E-01	+1.5225622E+02
+3.1674000E+00	+5.8780530E-01	+1.5074249E+02
+3.1723000E+00	+5.9258219E-01	+1.4924391E+02
+3.1772000E+00	+5.9735400E-01	+1.4776026E+02
+3.1821000E+00	+6.0211759E-01	+1.4629134E+02
+3.1870000E+00	+6.0687011E-01	+1.4483691E+02
+3.1919000E+00	+6.1160865E-01	+1.4339677E+02
+3.1968000E+00	+6.1633053E-01	+1.4197069E+02
+3.2017000E+00	+6.2103314E-01	+1.4055847E+02
+3.2066000E+00	+6.2571402E-01	+1.3915988E+02
+3.2115000E+00	+6.3037082E-01	+1.3777471E+02
+3.2164000E+00	+6.3500138E-01	+1.3640276E+02
+3.2213000E+00	+6.3960339E-01	+1.3504380E+02
+3.2262000E+00	+6.4417499E-01	+1.3369764E+02
+3.2311000E+00	+6.4871426E-01	+1.3236407E+02
+3.2360000E+00	+6.5321940E-01	+1.3104288E+02
+3.2409000E+00	+6.5768873E-01	+1.2973389E+02
+3.2458000E+00	+6.6212068E-01	+1.2843688E+02
+3.2507000E+00	+6.6651377E-01	+1.2715167E+02
+3.2556000E+00	+6.7086661E-01	+1.2587807E+02
+3.2605000E+00	+6.7517794E-01	+1.2461589E+02
+3.2654000E+00	+6.7944656E-01	+1.2336495E+02
+3.2703000E+00	+6.8367138E-01	+1.2212505E+02
+3.2752000E+00	+6.8785138E-01	+1.2089603E+02
+3.2801000E+00	+6.9198564E-01	+1.1967771E+02
+3.2850000E+00	+6.9607333E-01	+1.1846990E+02
+3.2899000E+00	+7.0011368E-01	+1.1727245E+02
+3.2948000E+00	+7.0410600E-01	+1.1608519E+02
+3.2997000E+00	+7.0804968E-01	+1.1490794E+02
+3.3046000E+00	+7.1194419E-01	+1.1374055E+02
+3.3095000E+00	+7.1578906E-01	+1.1258286E+02
+3.3144000E+00	+7.1958387E-01	+1.1143470E+02
+3.3193000E+00	+7.2332828E-01	+1.1029593E+02
+3.3242000E+00	+7.2702202E-01	+1.0916639E+02
+3.3291000E+00	+7.3066485E-01	+1.0804592E+02
+3.3340000E+00	+7.3425660E-01	+1.0693440E+02
+3.3389000E+00	+7.3779717E-01	+1.0583165E+02
+3.3438000E+00	+7.4128647E-01	+1.0473755E+02
+3.3487000E+00	+7.4472449E-01	+1.0365195E+02
+3.3536000E+00	+7.4811126E-01	+1.0257472E+02
+3.3585000E+00	+7.5144683E-01	+1.0150571E+02
+3.3634000E+00	+7.5473132E-01	+1.0044478E+02
+3.3683000E+00	+7.5796487E-01	+9.9391814E+01
+3.3732000E+00	+7.6114767E-01	+9.8346669E+01
+3.3781000E+00	+7.6427992E-01	+9.7309219E+01
+3.3830000E+00	+7.6736187E-01	+9.6279333E+01
+3.3879000E+00	+7.7039380E-01	+9.5256887E+01
+3.3928000E+00	+7.7337601E-01	+9.4241754E+01
+3.3977000E+00	+7.7630883E-01	+9.3233813E+01
+3.4026000E+00	+7.7919262E-01	+9.2232941E+01
+3.4075000E+00	+7.8202775E-01	+9.1239019E+01
+3.4124000E+00	+7.8481461E-01	+9.0251927E+01
+3.4173000E+00	+7.8755363E-01	+8.9271548E+01
+3.4222000E+00	+7.9024523E-01	+8.8297768E+01
+3.4271000E+00	+7.9288987E-01	+8.7330471E+01
+3.4320000E+00	+7.9548801E-01	+8.6369545E+01
+3.4369000E+00	+7.9804012E-01	+8.5414879E+01
+3.4418000E+00	+8.0054670E-01	+8.4466361E+01
+3.4467000E+00	+8.0300824E-01	+8.3523882E+01
+3.4516000E+00	+8.0542526E-01	+8.2587336E+01
+3.4565000E+00	+8.0779828E-01	+8.1656615E+01
+3.4614000E+00	+8.1012781E-01	+8.0731614E+01
+3.4663000E+00	+8.1241440E-01	+7.9812228E+01
+3.4712000E+00	+8.1465857E-01	+7.8898355E+01
+3.4761000E+00	+8.1686088E-01	+7.7989892E+01
+3.4810000E+00	+8.1902187E-01	+7.7086738E+01
+3.4859000E+00	+8.2114208E-01	+7.6188794E+01
+3.4908000E+00	+8.2322208E-01	+7.5295959E+01
+3.4957000E+00	+8.2526240E-01	+7.4408136E+01
+3.5006000E+00	+8.2726363E-01	+7.3525227E+01
+3.5055000E+00	+8.2922623E-01	+7.2647144E+01
+3.5104000E+00	+8.3115090E-01	+7.1773775E+01
+3.5153000E+00	+8.3303810E-01	+7.0905039E+01
+3.5202000E+00	+8.3488839E-01	+7.0040837E+01
+3.5251000E+00	+8.3670234E-01	+6.9181079E+01
+3.5300000E+00	+8.3848048E-01	+6.8325671E+01
+3.5349000E+00	+8.4022337E-01	+6.7474523E+01
+3.5398000E+00	+8.4193154E-01	+6.6627544E+01
+3.5447000E+00	+8.4360553E-01	+6.5784645E+01
+3.5496000E+00	+8.4524589E-01	+6.4945735E+01
+3.5545000E+00	+8.4685314E-01	+6.4110727E+01
+3.5594000E+00	+8.4842782E-01	+6.3279533E+01
+3.5643000E+00	+8.4997044E-01	+6.2452066E+01
+3.5692000E+00	+8.5148153E-01	+6.1628239E+01
+3.5741000E+00	+8.5296160E-01	+6.0807965E+01
+3.5790000E+00	+8.5441118E-01	+5.9991160E+01
+3.5839000E+00	+8.5583076E-01	+5.9177736E+01
+3.5888000E+00	+8.5722082E-01	+5.8367616E+01
+3.5937000E+00	+8.5858191E-01	+5.7560705E+01
+3.5986000E+00	+8.5991450E-01	+5.6756925E+01
+3.6035000E+00	+8.6121907E-01	+5.5956190E+01
+3.6084000E+00	+8.6249613E-01	+5.5158419E+01
+3.6133000E+00	+8.6374615E-01	+5.4363526E+01
+3.6182000E+00	+8.6496960E-01	+5.3571431E+01
+3.6231000E+00	+8.6616697E-01	+5.2782048E+01
+3.6280000E+00	+8.6733873E-01	+5.1995297E+01
+3.6329000E+00	+8.6848535E-01	+5.1211093E+01
+3.6378000E+00	+8.6960729E-01	+5.0429354E+01
+3.6427000E+00	+8.7070503E-01	+4.9649998E+01
+3.6476000E+00	+8.7177902E-01	+4.8872940E+01
+3.6525000E+00	+8.7282972E-01	+4.8098099E+01
+3.6574000E+00	+8.7385761E-01	+4.7325390E+01
+3.6623000E+00	+8.7486314E-01	+4.6554731E+01
+3.6672000E+00	+8.7584678E-01	+4.5786035E+01
+3.6721000E+00	+8.7680899E-01	+4.5019220E+01
+3.6770000E+00	+8.7775024E-01	+4.4254199E+01
+3.6819000E+00	+8.7867101E-01	+4.3490886E+01
+3.6868000E+00	+8.7957177E-01	+4.2729195E+01
+3.6917000E+00	+8.8045302E-01	+4.1969040E+01
+3.6966000E+00	+8.8131523E-01	+4.1210327E+01
+3.7015000E+00	+8.8215891E-01	+4.0452970E+01
+3.7064000E+00	+8.8298458E-01	+3.9696876E+01
+3.7113000E+00	+8.8379276E-01	+3.8941954E+01
+3.7162000E+00	+8.8458399E-01	+3.8188108E+01
+3.7211000E+00	+8.8535884E-01	+3.7435242E+01
+3.7260000E+00	+8.8611788E-01	+3.6683257E+01
+3.7309000E+00	+8.8686173E-01	+3.5932052E+01
+3.7358000E+00	+8.8759102E-01	+3.5181523E+01
+3.7407000E+00	+8.8830641E-01	+3.4431564E+01
+3.7456000E+00	+8.8900862E-01	+3.3682065E+01
+3.7505000E+00	+8.8969838E-01	+3.2932911E+01
+3.7554000E+00	+8.9037651E-01	+3.2183984E+01
+3.7603000E+00	+8.9104385E-01	+3.1435161E+01
+3.7652000E+00	+8.9170134E-01	+3.0686314E+01
+3.7701000E+00	+8.9234996E-01	+2.9937307E+01
+3.7750000E+00	+8.9299081E-01	+2.9187998E+01
+3.7799000E+00	+8.9362506E-01	+2.8438238E+01
+3.7848000E+00	+8.9425404E-01	+2.7687866E+01
+3.7897000E+00	+8.9487917E-01	+2.6936714E+01
+3.7946000E+00	+8.9550206E-01	+2.6184599E+01
+3.7995000E+00	+8.9612449E-01	+2.5431324E+01
+3.8044000E+00	+8.9674847E-01	+2.4676676E+01
+3.8093000E+00	+8.9737625E-01	+2.3920425E+01
+3.8142000E+00	+8.9801039E-01	+2.3162313E+01
+3.8191000E+00	+8.9865381E-01	+2.2402061E+01
+3.8240000E+00	+8.9930987E-01	+2.1639355E+01
+3.8289000E+00	+8.9998237E-01	+2.0873840E+01
+3.8338000E+00	+9.0067583E-01	+2.0105120E+01
+3.8387000E+00	+9.0139546E-01	+1.9332739E+01
+3.8436000E+00	+9.0214739E-01	+1.8556174E+01
+3.8485000E+00	+9.0293889E-01	+1.7774815E+01
+3.8534000E+00	+9.0377863E-01	+1.6987943E+01
+3.8583000E+00	+9.0467703E-01	+1.6194705E+01
+3.8632000E+00	+9.0564689E-01	+1.5394089E+01
+3.8681000E+00	+9.0670319E-01	+1.4584783E+01
+3.8730000E+00	+9.0786574E-01	+1.3765296E+01
+3.8779000E+00	+9.0915837E-01	+1.2933647E+01
+3.8828000E+00	+9.1061166E-01	+1.2087333E+01
+3.8877000E+00	+9.1226499E-01	+1.1223089E+01
+3.8926000E+00	+9.1416995E-01	+1.0336555E+01
+3.8975000E+00	+9.1639535E-01	+9.4217743E+00
+3.9024000E+00	+9.1903493E-01	+8.4703658E+00
+3.9073000E+00	+9.2221947E-01	+7.4701376E+00
+3.9122000E+00	+9.2613642E-01	+6.4026363E+00
+3.9171000E+00	+9.3106269E-01	+5.2385484E+00
+3.9220000E+00	+9.3742092E-01	+3.9284283E+00
+3.9269000E+00	+9.4587561E-01	+2.3822276E+00
+3.9318000E+00	+9.5747829E-01	+4.1851357E-01
+3.9367000E+00	+9.7369208E-01	-2.3822847E+00
+3.9416000E+00	+9.9409047E-01	-7.1935070E+00
+3.9465000E+00	+9.8247648E-01	-1.7993320E+01
+3.9514000E+00	+6.1750880E-01	-3.2092709E+01
+3.9563000E+00	+5.5396274E-01	+3.1582665E+00
+3.9612000E+00	+6.9100848E-01	+6.5446562E+00
+3.9661000E+00	+7.5343863E-01	+5.1735052E+00
+3.9710000E+00	+7.8583788E-01	+3.6431842E+00
+3.9759000E+00	+8.0508886E-01	+2.2640428E+00
+3.9808000E+00	+8.1761740E-01	+1.0188733E+00
+3.9857000E+00	+8.2628703E-01	-1.3014261E-01
+3.9906000E+00	+8.3254465E-01	-1.2117784E+00
+3.9955000E+00	+8.3719383E-01	-2.2458457E+00
+4.0004000E+00	+8.4071467E-01	-3.2460035E+00
+4.0053000E+00	+8.4341045E-01	-4.2217777E+00
+4.0102000E+00	+8.4548193E-01	-5.1800382E+00
+4.0151000E+00	+8.4706654E-01	-6.1258179E+00
+4.0200000E+00	+8.4826228E-01	-7.0629764E+00
+4.0249000E+00	+8.4913967E-01	-7.9944563E+00
+4.0298000E+00	+8.4975155E-01	-8.9226171E+00
+4.0347000E+00	+8.5013698E-01	-9.8493395E+00
+4.0396000E+00	+8.5032675E-01	-1.0776213E+01
+4.0445000E+00	+8.5034445E-01	-1.1704573E+01
+4.0494000E+00	+8.5020824E-01	-1.2635534E+01
+4.0543000E+00	+8.4993308E-01	-1.3570148E+01
+4.0592000E+00	+8.4953037E-01	-1.4509299E+01
+4.0641000E+00	+8.4900931E-01	-1.5453815E+01
+4.0690000E+00	+8.4837722E-01	-1.6404460E+01
+4.0739000E+00	+8.4763989E-01	-1.7361955E+01
+4.0788000E+00	+8.4680185E-01	-1.8326988E+01
+4.0837000E+00	+8.4586661E-01	-1.9300226E+01
+4.0886000E+00	+8.4483681E-01	-2.0282321E+01
+4.0935000E+00	+8.4371435E-01	-2.1273917E+01
+4.0984000E+00	+8.4250050E-01	-2.2275660E+01
+4.1033000E+00	+8.4119597E-01	-2.3288196E+01
+4.1082000E+00	+8.3980099E-01	-2.4312186E+01
+4.1131000E+00	+8.3831532E-01	-2.5348243E+01
+4.1180000E+00	+8.3673844E-01	-2.6397181E+01
+4.1229000E+00	+8.3506931E-01	-2.7459599E+01
+4.1278000E+00	+8.3330665E-01	-2.8536255E+01
+4.1327000E+00	+8.3144884E-01	-2.9627904E+01
+4.1376000E+00	+8.2949374E-01	-3.0735328E+01
+4.1425000E+00	+8.2744001E-01	-3.1859371E+01
+4.1474000E+00	+8.2528414E-01	-3.3000864E+01
+4.1523000E+00	+8.2302382E-01	-3.4160718E+01
+4.1572000E+00	+8.2065600E-01	-3.5339877E+01
+4.1621000E+00	+8.1817741E-01	-3.6539336E+01
+4.1670000E+00	+8.1558450E-01	-3.7760142E+01
+4.1719000E+00	+8.1287348E-01	-3.9003400E+01
+4.1768000E+00	+8.1004027E-01	-4.0270279E+01
+4.1817000E+00	+8.0708057E-01	-4.1562014E+01
+4.1866000E+00	+8.0398978E-01	-4.2879917E+01
+4.1915000E+00	+8.0076306E-01	-4.4225378E+01
+4.1964000E+00	+7.9739531E-01	-4.5599872E+01
+4.2013000E+00	+7.9388117E-01	-4.7004970E+01
+4.2062000E+00	+7.9021504E-01	-4.8442343E+01
+4.2111000E+00	+7.8639104E-01	-4.9913772E+01
+4.2160000E+00	+7.8240305E-01	-5.1421159E+01
+4.2209000E+00	+7.7824513E-01	-5.2966516E+01
+4.2258000E+00	+7.7391012E-01	-5.4552037E+01
+4.2307000E+00	+7.6939174E-01	-5.6180024E+01
+4.2356000E+00	+7.6468310E-01	-5.7852964E+01
+4.2405000E+00	+7.5977727E-01	-5.9573515E+01
+4.2454000E+00	+7.5466729E-01	-6.1344532E+01
+4.2503000E+00	+7.4934620E-01	-6.3169078E+01
+4.2552000E+00	+7.4380718E-01	-6.5050442E+01
+4.2601000E+00	+7.3804362E-01	-6.6992161E+01
+4.2650000E+00	+7.3204923E-01	-6.8998037E+01
+4.2699000E+00	+7.2581826E-01	-7.1072162E+01
+4.2748000E+00	+7.1934563E-01	-7.3218939E+01
+4.2797000E+00	+7.1262719E-01	-7.5443112E+01
+4.2846000E+00	+7.0566001E-01	-7.7749784E+01
+4.2895000E+00	+6.9844269E-01	-8.0144453E+01
+4.2944000E+00	+6.9097591E-01	-8.2633070E+01
+4.2993000E+00	+6.8326071E-01	-8.5221485E+01
+4.3042000E+00	+6.7530664E-01	-8.7917501E+01
+4.3091000E+00	+6.6712044E-01	-9.0727693E+01
+4.3140000E+00	+6.5871635E-01	-9.3659985E+01
+4.3189000E+00	+6.5011325E-01	-9.6722658E+01
+4.3238000E+00	+6.4133610E-01	-9.9924466E+01
+4.3287000E+00	+6.3241700E-01	-1.0327460E+02
+4.3336000E+00	+6.2339636E-01	-1.0678263E+02
+4.3385000E+00	+6.1432416E-01	-1.1045840E+02
+4.3434000E+00	+6.0526125E-01	-1.1431186E+02
+4.3483000E+00	+5.9628032E-01	-1.1835277E+02
+4.3532000E+00	+5.8746797E-01	-1.2259074E+02
+4.3581000E+00	+5.7892432E-01	-1.2703428E+02
+4.3630000E+00	+5.7076453E-01	-1.3169072E+02
+4.3679000E+00	+5.6311835E-01	-1.3656547E+02
+4.3728000E+00	+5.5612930E-01	-1.4166127E+02
+4.3777000E+00	+5.4995265E-01	-1.4697744E+02
+4.3826000E+00	+5.4475208E-01	-1.5250906E+02
+4.3875000E+00	+5.4069462E-01	-1.5824632E+02
+4.3924000E+00	+5.3794638E-01	-1.6417333E+02
+4.3973000E+00	+5.3666029E-01	-1.7026929E+02
+4.4022000E+00	+5.3697309E-01	-1.7650704E+02
+4.4071000E+00	+5.3899368E-01	+1.7714538E+02
+4.4120000E+00	+5.4279615E-01	+1.7072379E+02
+4.4169000E+00	+5.4841360E-01	+1.6426630E+02
+4.4218000E+00	+5.5583480E-01	+1.5781150E+02
+4.4267000E+00	+5.6500284E-01	+1.5139658E+02
+4.4316000E+00	+5.7581837E-01	+1.4505583E+02
+4.4365000E+00	+5.8814410E-01	+1.3881931E+02
+4.4414000E+00	+6.0181222E-01	+1.3271211E+02
+4.4463000E+00	+6.1662836E-01	+1.2675500E+02
+4.4512000E+00	+6.3239679E-01	+1.2096096E+02
+4.4561000E+00	+6.4890245E-01	+1.1534217E+02
+4.4610000E+00	+6.6593634E-01	+1.0990367E+02
+4.4659000E+00	+6.8330105E-01	+1.0464886E+02
+4.4708000E+00	+7.0081000E-01	+9.9577822E+01
+4.4757000E+00	+7.1829370E-01	+9.4688643E+01
+4.4806000E+00	+7.3560167E-01	+8.9977851E+01
+4.4855000E+00	+7.5260369E-01	+8.5440829E+01
+4.4904000E+00	+7.6918997E-01	+8.1072164E+01
+4.4953000E+00	+7.8527061E-01	+7.6865903E+01
+4.5002000E+00	+8.0077453E-01	+7.2815756E+01
+4.5051000E+00	+8.1564796E-01	+6.8915247E+01
+4.5100000E+00	+8.2985269E-01	+6.5157827E+01
+4.5149000E+00	+8.4336419E-01	+6.1536952E+01
+4.5198000E+00	+8.5616973E-01	+5.8046151E+01
+4.5247000E+00	+8.6826652E-01	+5.4679063E+01
+4.5296000E+00	+8.7965997E-01	+5.1429475E+01
+4.5345000E+00	+8.9036208E-01	+4.8291342E+01
+4.5394000E+00	+9.0039003E-01	+4.5258808E+01
+4.5443000E+00	+9.0976490E-01	+4.2326210E+01
+4.5492000E+00	+9.1851056E-01	+3.9488091E+01
+4.5541000E+00	+9.2665276E-01	+3.6739203E+01
+4.5590000E+00	+9.3421836E-01	+3.4074503E+01
+4.5639000E+00	+9.4123466E-01	+3.1489155E+01
+4.5688000E+00	+9.4772899E-01	+2.8978496E+01
+4.5737000E+00	+9.5372764E-01	+2.6538301E+01
+4.5786000E+00	+9.5925721E-01	+2.4164025E+01
+4.5835000E+00	+9.6434226E-01	+2.1851789E+01
+4.5884000E+00	+9.6900647E-01	+1.9597706E+01
+4.5933000E+00	+9.7327215E-01	+1.7398076E+01
+4.5982000E+00	+9.7716011E-01	+1.5249365E+01
+4.6031000E+00	+9.8068965E-01	+1.3148192E+01
+4.6080000E+00	+9.8387853E-01	+1.1091324E+01
+4.6129000E+00	+9.8674294E-01	+9.0756604E+00
+4.6178000E+00	+9.8929749E-01	+7.0982295E+00
+4.6227000E+00	+9.9155523E-01	+5.1561762E+00
+4.6276000E+00	+9.9352768E-01	+3.2467543E+00
+4.6325000E+00	+9.9522482E-01	+1.3673166E+00
+4.6374000E+00	+9.9665511E-01	-4.8469331E-01
+4.6423000E+00	+9.9782552E-01	-2.3117500E+00
+4.6472000E+00	+9.9874153E-01	-4.1162551E+00
+4.6521000E+00	+9.9940712E-01	-5.9005457E+00
+4.6570000E+00	+9.9982478E-01	-7.6669055E+00
+4.6619000E+00	+9.9999550E-01	-9.4176546E+00
+4.6668000E+00	+9.9991873E-01	-1.1154629E+01
+4.6717000E+00	+9.9959239E-01	-1.2880418E+01
+4.6766000E+00	+9.9901276E-01	-1.4596969E+01
+4.6815000E+00	+9.9817449E-01	-1.6306407E+01
+4.6864000E+00	+9.9707051E-01	-1.8010841E+01
+4.6913000E+00	+9.9569192E-01	-1.9712376E+01
+4.6962000E+00	+9.9402794E-01	-2.1413132E+01
+4.7011000E+00	+9.9206578E-01	-2.3115304E+01
+4.7060000E+00	+9.8979017E-01	-2.4820272E+01
+4.7109000E+00	+9.8718448E-01	-2.6531642E+01
+4.7158000E+00	+9.8422856E-01	-2.8250632E+01
+4.7207000E+00	+9.8090010E-01	-2.9979657E+01
+4.7256000E+00	+9.7717390E-01	-3.1721014E+01
+4.7305000E+00	+9.7302162E-01	-3.3477041E+01
+4.7354000E+00	+9.6841163E-01	-3.5250126E+01
+4.7403000E+00	+9.6330865E-01	-3.7042720E+01
+4.7452000E+00	+9.5767354E-01	-3.8857336E+01
+4.7501000E+00	+9.5146296E-01	-4.0696551E+01
+4.7550000E+00	+9.4462906E-01	-4.2563009E+01
+4.7599000E+00	+9.3712046E-01	-4.4459099E+01
+4.7648000E+00	+9.2887606E-01	-4.6388437E+01
+4.7697000E+00	+9.1983538E-01	-4.8353093E+01
+4.7746000E+00	+9.0992917E-01	-5.0356061E+01
+4.7795000E+00	+8.9908257E-01	-5.2400232E+01
+4.7844000E+00	+8.8721491E-01	-5.4488446E+01
+4.7893000E+00	+8.7423965E-01	-5.6623496E+01
+4.7942000E+00	+8.6006446E-01	-5.8808075E+01
+4.7991000E+00	+8.4459171E-01	-6.1044723E+01
+4.8040000E+00	+8.2771913E-01	-6.3335746E+01
+4.8089000E+00	+8.0934082E-01	-6.5683128E+01
+4.8138000E+00	+7.8934876E-01	-6.8088407E+01
+4.8187000E+00	+7.6763472E-01	-7.0552542E+01
+4.8236000E+00	+7.4409029E-01	-7.3075755E+01
+4.8285000E+00	+7.1862301E-01	-7.5657162E+01
+4.8334000E+00	+6.9113356E-01	-7.8294837E+01
+4.8383000E+00	+6.6154727E-01	-8.0985133E+01
+4.8432000E+00	+6.2980522E-01	-8.3722436E+01
+4.8481000E+00	+5.9587242E-01	-8.6498572E+01
+4.8530000E+00	+5.5974337E-01	-8.9302052E+01
+4.8579000E+00	+5.2144742E-01	-9.2116983E+01
+4.8628000E+00	+4.8105373E-01	-9.4921428E+01
+4.8677000E+00	+4.3867549E-01	-9.7684766E+01
+4.8726000E+00	+3.9447324E-01	-1.0036316E+02
+4.8775000E+00	+3.4865755E-01	-1.0289125E+02
+4.8824000E+00	+3.0149257E-01	-1.0516573E+02
+4.8873000E+00	+2.5330437E-01	-1.0700989E+02
+4.8922000E+00	+2.0450654E-01	-1.0808766E+02
+4.8971000E+00	+1.5568528E-01	-1.0766131E+02
+4.9020000E+00	+1.0793040E-01	-1.0374717E+02
+4.9069000E+00	+6.4572328E-02	-8.9287452E+01
+4.9118000E+00	+4.2267583E-02	-4.1703609E+01
+4.9167000E+00	+6.6096733E-02	+3.5064269E+00
+4.9216000E+00	+1.0808686E-01	+1.6993553E+01
+4.9265000E+00	+1.5301242E-01	+2.0795800E+01
+4.9314000E+00	+1.9794870E-01	+2.1383915E+01
+4.9363000E+00	+2.4204136E-01	+2.0603833E+01
+4.9412000E+00	+2.8493525E-01	+1.9146229E+01
+4.9461000E+00	+3.2645901E-01	+1.7323158E+01
+4.9510000E+00	+3.6645203E-01	+1.5283089E+01
+4.9559000E+00	+4.0512731E-01	+1.3148267E+01
+4.9608000E+00	+4.4227477E-01	+1.0938814E+01
+4.9657000E+00	+4.7801814E-01	+8.6968578E+00
+4.9706000E+00	+5.1243220E-01	+6.4414525E+00
+4.9755000E+00	+5.4561101E-01	+4.1834693E+00
+4.9804000E+00	+5.7766419E-01	+1.9279820E+00
+4.9853000E+00	+6.0871415E-01	-3.2416630E-01
+4.9902000E+00	+6.3889366E-01	-2.5755617E+00
+4.9951000E+00	+6.6834369E-01	-4.8318076E+00
+5.0000000E+00	+6.9721130E-01	-7.1014909E+00
