+1.0000000E-01	+2.8681597E-01	-1.1884345E+02
+1.0490000E-01	+2.9934420E-01	-1.2019261E+02
+1.0980000E-01	+3.1167818E-01	-1.2153336E+02
+1.1470000E-01	+3.2381399E-01	-1.2286550E+02
+1.1960000E-01	+3.3574819E-01	-1.2418883E+02
+1.2450000E-01	+3.4747784E-01	-1.2550319E+02
+1.2940000E-01	+3.5900045E-01	-1.2680842E+02
+1.3430000E-01	+3.7031401E-01	-1.2810437E+02
+1.3920000E-01	+3.8141693E-01	-1.2939094E+02
+1.4410000E-01	+3.9230807E-01	-1.3066802E+02
+1.4900000E-01	+4.0298666E-01	-1.3193551E+02
+1.5390000E-01	+4.1345234E-01	-1.3319335E+02
+1.5880000E-01	+4.2370510E-01	-1.3444148E+02
+1.6370000E-01	+4.3374526E-01	-1.3567986E+02
+1.6860000E-01	+4.4357349E-01	-1.3690846E+02
+1.7350000E-01	+4.5319074E-01	-1.3812726E+02
+1.7840000E-01	+4.6259823E-01	-1.3933626E+02
+1.8330000E-01	+4.7179745E-01	-1.4053547E+02
+1.8820000E-01	+4.8079012E-01	-1.4172490E+02
+1.9310000E-01	+4.8957820E-01	-1.4290460E+02
+1.9800000E-01	+4.9816381E-01	-1.4407459E+02
+2.0290000E-01	+5.0654926E-01	-1.4523493E+02
+2.0780000E-01	+5.1473705E-01	-1.4638568E+02
+2.1270000E-01	+5.2272978E-01	-1.4752689E+02
+2.1760000E-01	+5.3053020E-01	-1.4865865E+02
+2.2250000E-01	+5.3814117E-01	-1.4978104E+02
+2.2740000E-01	+5.4556565E-01	-1.5089413E+02
+2.3230000E-01	+5.5280665E-01	-1.5199802E+02
+2.3720000E-01	+5.5986729E-01	-1.5309281E+02
+2.4210000E-01	+5.6675072E-01	-1.5417860E+02
+2.4700000E-01	+5.7346014E-01	-1.5525549E+02
+2.5190000E-01	+5.7999879E-01	-1.5632359E+02
+2.5680000E-01	+5.8636993E-01	-1.5738302E+02
+2.6170000E-01	+5.9257682E-01	-1.5843388E+02
+2.6660000E-01	+5.9862275E-01	-1.5947630E+02
+2.7150000E-01	+6.0451098E-01	-1.6051040E+02
+2.7640000E-01	+6.1024478E-01	-1.6153630E+02
+2.8130000E-01	+6.1582740E-01	-1.6255412E+02
+2.8620000E-01	+6.2126207E-01	-1.6356398E+02
+2.9110000E-01	+6.2655197E-01	-1.6456601E+02
+2.9600000E-01	+6.3170028E-01	-1.6556033E+02
+3.0090000E-01	+6.3671012E-01	-1.6654708E+02
+3.0580000E-01	+6.4158458E-01	-1.6752637E+02
+3.1070000E-01	+6.4632671E-01	-1.6849833E+02
+3.1560000E-01	+6.5093949E-01	-1.6946310E+02
+3.2050000E-01	+6.5542587E-01	-1.7042078E+02
+3.2540000E-01	+6.5978876E-01	-1.7137151E+02
+3.3030000E-01	+6.6403098E-01	-1.7231541E+02
+3.3520000E-01	+6.6815532E-01	-1.7325261E+02
+3.4010000E-01	+6.7216450E-01	-1.7418322E+02
+3.4500000E-01	+6.7606121E-01	-1.7510737E+02
+3.4990000E-01	+6.7984805E-01	-1.7602518E+02
+3.5480000E-01	+6.8352757E-01	-1.7693675E+02
+3.5970000E-01	+6.8710226E-01	-1.7784222E+02
+3.6460000E-01	+6.9057455E-01	-1.7874170E+02
+3.6950000E-01	+6.9394683E-01	-1.7963530E+02
+3.7440000E-01	+6.9722140E-01	+1.7947687E+02
+3.7930000E-01	+7.0040051E-01	+1.7859470E+02
+3.8420000E-01	+7.0348636E-01	+1.7771808E+02
+3.8910000E-01	+7.0648108E-01	+1.7684690E+02
+3.9400000E-01	+7.0938675E-01	+1.7598105E+02
+3.9890000E-01	+7.1220539E-01	+1.7512044E+02
+4.0380000E-01	+7.1493897E-01	+1.7426495E+02
+4.0870000E-01	+7.1758939E-01	+1.7341450E+02
+4.1360000E-01	+7.2015849E-01	+1.7256897E+02
+4.1850000E-01	+7.2264809E-01	+1.7172829E+02
+4.2340000E-01	+7.2505991E-01	+1.7089234E+02
+4.2830000E-01	+7.2739566E-01	+1.7006105E+02
+4.3320000E-01	+7.2965697E-01	+1.6923431E+02
+4.3810000E-01	+7.3184543E-01	+1.6841204E+02
+4.4300000E-01	+7.3396258E-01	+1.6759415E+02
+4.4790000E-01	+7.3600991E-01	+1.6678056E+02
+4.5280000E-01	+7.3798886E-01	+1.6597119E+02
+4.5770000E-01	+7.3990083E-01	+1.6516595E+02
+4.6260000E-01	+7.4174717E-01	+1.6436476E+02
+4.6750000E-01	+7.4352919E-01	+1.6356755E+02
+4.7240000E-01	+7.4524814E-01	+1.6277423E+02
+4.7730000E-01	+7.4690526E-01	+1.6198474E+02
+4.8220000E-01	+7.4850171E-01	+1.6119901E+02
+4.8710000E-01	+7.5003864E-01	+1.6041696E+02
+4.9200000E-01	+7.5151714E-01	+1.5963852E+02
+4.9690000E-01	+7.5293828E-01	+1.5886363E+02
+5.0180000E-01	+7.5430308E-01	+1.5809223E+02
+5.0670000E-01	+7.5561253E-01	+1.5732424E+02
+5.1160000E-01	+7.5686757E-01	+1.5655961E+02
+5.1650000E-01	+7.5806912E-01	+1.5579828E+02
+5.2140000E-01	+7.5921807E-01	+1.5504019E+02
+5.2630000E-01	+7.6031526E-01	+1.5428528E+02
+5.3120000E-01	+7.6136152E-01	+1.5353350E+02
+5.3610000E-01	+7.6235762E-01	+1.5278480E+02
+5.4100000E-01	+7.6330432E-01	+1.5203912E+02
+5.4590000E-01	+7.6420236E-01	+1.5129642E+02
+5.5080000E-01	+7.6505242E-01	+1.5055664E+02
+5.5570000E-01	+7.6585518E-01	+1.4981975E+02
+5.6060000E-01	+7.6661129E-01	+1.4908569E+02
+5.6550000E-01	+7.6732135E-01	+1.4835442E+02
+5.7040000E-01	+7.6798596E-01	+1.4762591E+02
+5.7530000E-01	+7.6860569E-01	+1.4690010E+02
+5.8020000E-01	+7.6918108E-01	+1.4617698E+02
+5.8510000E-01	+7.6971265E-01	+1.4545649E+02
+5.9000000E-01	+7.7020090E-01	+1.4473860E+02
+5.9490000E-01	+7.7064630E-01	+1.4402329E+02
+5.9980000E-01	+7.7104931E-01	+1.4331052E+02
+6.0470000E-01	+7.7141037E-01	+1.4260025E+02
+6.0960000E-01	+7.7172988E-01	+1.4189247E+02
+6.1450000E-01	+7.7200825E-01	+1.4118715E+02
+6.1940000E-01	+7.7224586E-01	+1.4048425E+02
+6.2430000E-01	+7.7244306E-01	+1.3978377E+02
+6.2920000E-01	+7.7260020E-01	+1.3908567E+02
+6.3410000E-01	+7.7271762E-01	+1.3838995E+02
+6.3900000E-01	+7.7279562E-01	+1.3769657E+02
+6.4390000E-01	+7.7283450E-01	+1.3700553E+02
+6.4880000E-01	+7.7283456E-01	+1.3631682E+02
+6.5370000E-01	+7.7279606E-01	+1.3563041E+02
+6.5860000E-01	+7.7271928E-01	+1.3494631E+02
+6.6350000E-01	+7.7260445E-01	+1.3426449E+02
+6.6840000E-01	+7.7245182E-01	+1.3358496E+02
+6.7330000E-01	+7.7226162E-01	+1.3290772E+02
+6.7820000E-01	+7.7203407E-01	+1.3223275E+02
+6.8310000E-01	+7.7176939E-01	+1.3156006E+02
+6.8800000E-01	+7.7146778E-01	+1.3088965E+02
+6.9290000E-01	+7.7112945E-01	+1.3022152E+02
+6.9780000E-01	+7.7075460E-01	+1.2955568E+02
+7.0270000E-01	+7.7034341E-01	+1.2889214E+02
+7.0760000E-01	+7.6989608E-01	+1.2823090E+02
+7.1250000E-01	+7.6941279E-01	+1.2757198E+02
+7.1740000E-01	+7.6889373E-01	+1.2691539E+02
+7.2230000E-01	+7.6833910E-01	+1.2626116E+02
+7.2720000E-01	+7.6774907E-01	+1.2560929E+02
+7.3210000E-01	+7.6712384E-01	+1.2495981E+02
+7.3700000E-01	+7.6646360E-01	+1.2431274E+02
+7.4190000E-01	+7.6576856E-01	+1.2366811E+02
+7.4680000E-01	+7.6503893E-01	+1.2302594E+02
+7.5170000E-01	+7.6427491E-01	+1.2238628E+02
+7.5660000E-01	+7.6347674E-01	+1.2174914E+02
+7.6150000E-01	+7.6264465E-01	+1.2111457E+02
+7.6640000E-01	+7.6177889E-01	+1.2048260E+02
+7.7130000E-01	+7.6087973E-01	+1.1985328E+02
+7.7620000E-01	+7.5994743E-01	+1.1922665E+02
+7.8110000E-01	+7.5898231E-01	+1.1860275E+02
+7.8600000E-01	+7.5798467E-01	+1.1798164E+02
+7.9090000E-01	+7.5695485E-01	+1.1736336E+02
+7.9580000E-01	+7.5589322E-01	+1.1674797E+02
+8.0070000E-01	+7.5480017E-01	+1.1613553E+02
+8.0560000E-01	+7.5367610E-01	+1.1552609E+02
+8.1050000E-01	+7.5252146E-01	+1.1491973E+02
+8.1540000E-01	+7.5133673E-01	+1.1431649E+02
+8.2030000E-01	+7.5012242E-01	+1.1371646E+02
+8.2520000E-01	+7.4887908E-01	+1.1311970E+02
+8.3010000E-01	+7.4760729E-01	+1.1252628E+02
+8.3500000E-01	+7.4630768E-01	+1.1193628E+02
+8.3990000E-01	+7.4498092E-01	+1.1134978E+02
+8.4480000E-01	+7.4362774E-01	+1.1076686E+02
+8.4970000E-01	+7.4224890E-01	+1.1018760E+02
+8.5460000E-01	+7.4084522E-01	+1.0961208E+02
+8.5950000E-01	+7.3941758E-01	+1.0904040E+02
+8.6440000E-01	+7.3796690E-01	+1.0847263E+02
+8.6930000E-01	+7.3649417E-01	+1.0790888E+02
+8.7420000E-01	+7.3500046E-01	+1.0734924E+02
+8.7910000E-01	+7.3348687E-01	+1.0679379E+02
+8.8400000E-01	+7.3195459E-01	+1.0624263E+02
+8.8890000E-01	+7.3040488E-01	+1.0569586E+02
+8.9380000E-01	+7.2883907E-01	+1.0515358E+02
+8.9870000E-01	+7.2725855E-01	+1.0461587E+02
+9.0360000E-01	+7.2566481E-01	+1.0408284E+02
+9.0850000E-01	+7.2405940E-01	+1.0355459E+02
+9.1340000E-01	+7.2244396E-01	+1.0303120E+02
+9.1830000E-01	+7.2082021E-01	+1.0251278E+02
+9.2320000E-01	+7.1918995E-01	+1.0199941E+02
+9.2810000E-01	+7.1755508E-01	+1.0149119E+02
+9.3300000E-01	+7.1591756E-01	+1.0098820E+02
+9.3790000E-01	+7.1427945E-01	+1.0049052E+02
+9.4280000E-01	+7.1264291E-01	+9.9998246E+01
+9.4770000E-01	+7.1101015E-01	+9.9511441E+01
+9.5260000E-01	+7.0938351E-01	+9.9030179E+01
+9.5750000E-01	+7.0776538E-01	+9.8554525E+01
+9.6240000E-01	+7.0615824E-01	+9.8084538E+01
+9.6730000E-01	+7.0456466E-01	+9.7620267E+01
+9.7220000E-01	+7.0298727E-01	+9.7161757E+01
+9.7710000E-01	+7.0142880E-01	+9.6709040E+01
+9.8200000E-01	+6.9989202E-01	+9.6262142E+01
+9.8690000E-01	+6.9837980E-01	+9.5821077E+01
+9.9180000E-01	+6.9689503E-01	+9.5385847E+01
+9.9670000E-01	+6.9544068E-01	+9.4956443E+01
+1.0016000E+00	+6.9401977E-01	+9.4532845E+01
+1.0065000E+00	+6.9263535E-01	+9.4115016E+01
+1.0114000E+00	+6.9129050E-01	+9.3702907E+01
+1.0163000E+00	+6.8998832E-01	+9.3296454E+01
+1.0212000E+00	+6.8873195E-01	+9.2895577E+01
+1.0261000E+00	+6.8752449E-01	+9.2500180E+01
+1.0310000E+00	+6.8636907E-01	+9.2110151E+01
+1.0359000E+00	+6.8526878E-01	+9.1725360E+01
+1.0408000E+00	+6.8422669E-01	+9.1345660E+01
+1.0457000E+00	+6.8324582E-01	+9.0970887E+01
+1.0506000E+00	+6.8232914E-01	+9.0600859E+01
+1.0555000E+00	+6.8147955E-01	+9.0235375E+01
+1.0604000E+00	+6.8069985E-01	+8.9874218E+01
+1.0653000E+00	+6.7999278E-01	+8.9517152E+01
+1.0702000E+00	+6.7936093E-01	+8.9163925E+01
+1.0751000E+00	+6.7880680E-01	+8.8814268E+01
+1.0800000E+00	+6.7833273E-01	+8.8467896E+01
+1.0849000E+00	+6.7794093E-01	+8.8124507E+01
+1.0898000E+00	+6.7763344E-01	+8.7783788E+01
+1.0947000E+00	+6.7741213E-01	+8.7445410E+01
+1.0996000E+00	+6.7727867E-01	+8.7109033E+01
+1.1045000E+00	+6.7723456E-01	+8.6774304E+01
+1.1094000E+00	+6.7728108E-01	+8.6440864E+01
+1.1143000E+00	+6.7741931E-01	+8.6108343E+01
+1.1192000E+00	+6.7765010E-01	+8.5776365E+01
+1.1241000E+00	+6.7797407E-01	+8.5444551E+01
+1.1290000E+00	+6.7839164E-01	+8.5112517E+01
+1.1339000E+00	+6.7890295E-01	+8.4779877E+01
+1.1388000E+00	+6.7950796E-01	+8.4446248E+01
+1.1437000E+00	+6.8020634E-01	+8.4111248E+01
+1.1486000E+00	+6.8099757E-01	+8.3774497E+01
+1.1535000E+00	+6.8188087E-01	+8.3435624E+01
+1.1584000E+00	+6.8285524E-01	+8.3094263E+01
+1.1633000E+00	+6.8391948E-01	+8.2750058E+01
+1.1682000E+00	+6.8507213E-01	+8.2402663E+01
+1.1731000E+00	+6.8631155E-01	+8.2051744E+01
+1.1780000E+00	+6.8763590E-01	+8.1696981E+01
+1.1829000E+00	+6.8904315E-01	+8.1338068E+01
+1.1878000E+00	+6.9053108E-01	+8.0974714E+01
+1.1927000E+00	+6.9209732E-01	+8.0606646E+01
+1.1976000E+00	+6.9373933E-01	+8.0233607E+01
+1.2025000E+00	+6.9545443E-01	+7.9855358E+01
+1.2074000E+00	+6.9723983E-01	+7.9471679E+01
+1.2123000E+00	+6.9909261E-01	+7.9082369E+01
+1.2172000E+00	+7.0100975E-01	+7.8687246E+01
+1.2221000E+00	+7.0298816E-01	+7.8286148E+01
+1.2270000E+00	+7.0502466E-01	+7.7878930E+01
+1.2319000E+00	+7.0711603E-01	+7.7465468E+01
+1.2368000E+00	+7.0925900E-01	+7.7045656E+01
+1.2417000E+00	+7.1145026E-01	+7.6619407E+01
+1.2466000E+00	+7.1368651E-01	+7.6186651E+01
+1.2515000E+00	+7.1596441E-01	+7.5747336E+01
+1.2564000E+00	+7.1828066E-01	+7.5301427E+01
+1.2613000E+00	+7.2063196E-01	+7.4848904E+01
+1.2662000E+00	+7.2301506E-01	+7.4389762E+01
+1.2711000E+00	+7.2542672E-01	+7.3924012E+01
+1.2760000E+00	+7.2786378E-01	+7.3451678E+01
+1.2809000E+00	+7.3032311E-01	+7.2972797E+01
+1.2858000E+00	+7.3280168E-01	+7.2487416E+01
+1.2907000E+00	+7.3529650E-01	+7.1995595E+01
+1.2956000E+00	+7.3780467E-01	+7.1497404E+01
+1.3005000E+00	+7.4032337E-01	+7.0992922E+01
+1.3054000E+00	+7.4284989E-01	+7.0482235E+01
+1.3103000E+00	+7.4538158E-01	+6.9965438E+01
+1.3152000E+00	+7.4791592E-01	+6.9442633E+01
+1.3201000E+00	+7.5045045E-01	+6.8913926E+01
+1.3250000E+00	+7.5298285E-01	+6.8379430E+01
+1.3299000E+00	+7.5551087E-01	+6.7839261E+01
+1.3348000E+00	+7.5803238E-01	+6.7293540E+01
+1.3397000E+00	+7.6054536E-01	+6.6742390E+01
+1.3446000E+00	+7.6304786E-01	+6.6185936E+01
+1.3495000E+00	+7.6553808E-01	+6.5624306E+01
+1.3544000E+00	+7.6801427E-01	+6.5057628E+01
+1.3593000E+00	+7.7047483E-01	+6.4486033E+01
+1.3642000E+00	+7.7291822E-01	+6.3909649E+01
+1.3691000E+00	+7.7534302E-01	+6.3328605E+01
+1.3740000E+00	+7.7774790E-01	+6.2743032E+01
+1.3789000E+00	+7.8013160E-01	+6.2153056E+01
+1.3838000E+00	+7.8249298E-01	+6.1558805E+01
+1.3887000E+00	+7.8483098E-01	+6.0960402E+01
+1.3936000E+00	+7.8714460E-01	+6.0357972E+01
+1.3985000E+00	+7.8943296E-01	+5.9751635E+01
+1.4034000E+00	+7.9169523E-01	+5.9141511E+01
+1.4083000E+00	+7.9393067E-01	+5.8527715E+01
+1.4132000E+00	+7.9613859E-01	+5.7910361E+01
+1.4181000E+00	+7.9831839E-01	+5.7289561E+01
+1.4230000E+00	+8.0046953E-01	+5.6665422E+01
+1.4279000E+00	+8.0259153E-01	+5.6038049E+01
+1.4328000E+00	+8.0468398E-01	+5.5407544E+01
+1.4377000E+00	+8.0674650E-01	+5.4774007E+01
+1.4426000E+00	+8.0877880E-01	+5.4137533E+01
+1.4475000E+00	+8.1078061E-01	+5.3498215E+01
+1.4524000E+00	+8.1275173E-01	+5.2856143E+01
+1.4573000E+00	+8.1469198E-01	+5.2211401E+01
+1.4622000E+00	+8.1660124E-01	+5.1564075E+01
+1.4671000E+00	+8.1847944E-01	+5.0914244E+01
+1.4720000E+00	+8.2032652E-01	+5.0261984E+01
+1.4769000E+00	+8.2214247E-01	+4.9607369E+01
+1.4818000E+00	+8.2392732E-01	+4.8950471E+01
+1.4867000E+00	+8.2568110E-01	+4.8291356E+01
+1.4916000E+00	+8.2740391E-01	+4.7630090E+01
+1.4965000E+00	+8.2909584E-01	+4.6966734E+01
+1.5014000E+00	+8.3075702E-01	+4.6301348E+01
+1.5063000E+00	+8.3238761E-01	+4.5633987E+01
+1.5112000E+00	+8.3398777E-01	+4.4964705E+01
+1.5161000E+00	+8.3555768E-01	+4.4293552E+01
+1.5210000E+00	+8.3709756E-01	+4.3620578E+01
+1.5259000E+00	+8.3860762E-01	+4.2945827E+01
+1.5308000E+00	+8.4008810E-01	+4.2269343E+01
+1.5357000E+00	+8.4153925E-01	+4.1591167E+01
+1.5406000E+00	+8.4296131E-01	+4.0911337E+01
+1.5455000E+00	+8.4435456E-01	+4.0229890E+01
+1.5504000E+00	+8.4571928E-01	+3.9546859E+01
+1.5553000E+00	+8.4705574E-01	+3.8862277E+01
+1.5602000E+00	+8.4836423E-01	+3.8176173E+01
+1.5651000E+00	+8.4964505E-01	+3.7488576E+01
+1.5700000E+00	+8.5089850E-01	+3.6799511E+01
+1.5749000E+00	+8.5212488E-01	+3.6109003E+01
+1.5798000E+00	+8.5332450E-01	+3.5417074E+01
+1.5847000E+00	+8.5449766E-01	+3.4723744E+01
+1.5896000E+00	+8.5564468E-01	+3.4029034E+01
+1.5945000E+00	+8.5676587E-01	+3.3332959E+01
+1.5994000E+00	+8.5786154E-01	+3.2635537E+01
+1.6043000E+00	+8.5893200E-01	+3.1936781E+01
+1.6092000E+00	+8.5997759E-01	+3.1236705E+01
+1.6141000E+00	+8.6099827E-01	+3.0535313E+01
+1.6190000E+00	+8.6199507E-01	+2.9832630E+01
+1.6239000E+00	+8.6296777E-01	+2.9128655E+01
+1.6288000E+00	+8.6391677E-01	+2.8423396E+01
+1.6337000E+00	+8.6484239E-01	+2.7716862E+01
+1.6386000E+00	+8.6574491E-01	+2.7009056E+01
+1.6435000E+00	+8.6662465E-01	+2.6299983E+01
+1.6484000E+00	+8.6748187E-01	+2.5589646E+01
+1.6533000E+00	+8.6831688E-01	+2.4878048E+01
+1.6582000E+00	+8.6912994E-01	+2.4165188E+01
+1.6631000E+00	+8.6992134E-01	+2.3451068E+01
+1.6680000E+00	+8.7069135E-01	+2.2735687E+01
+1.6729000E+00	+8.7144023E-01	+2.2019042E+01
+1.6778000E+00	+8.7216825E-01	+2.1301131E+01
+1.6827000E+00	+8.7287566E-01	+2.0581951E+01
+1.6876000E+00	+8.7356272E-01	+1.9861497E+01
+1.6925000E+00	+8.7422967E-01	+1.9139764E+01
+1.6974000E+00	+8.7487675E-01	+1.8416748E+01
+1.7023000E+00	+8.7550420E-01	+1.7692440E+01
+1.7072000E+00	+8.7611225E-01	+1.6966835E+01
+1.7121000E+00	+8.7670112E-01	+1.6239923E+01
+1.7170000E+00	+8.7727104E-01	+1.5511698E+01
+1.7219000E+00	+8.7782221E-01	+1.4782149E+01
+1.7268000E+00	+8.7835485E-01	+1.4051267E+01
+1.7317000E+00	+8.7886916E-01	+1.3319042E+01
+1.7366000E+00	+8.7936533E-01	+1.2585462E+01
+1.7415000E+00	+8.7984356E-01	+1.1850517E+01
+1.7464000E+00	+8.8030402E-01	+1.1114195E+01
+1.7513000E+00	+8.8074691E-01	+1.0376483E+01
+1.7562000E+00	+8.8117239E-01	+9.6373685E+00
+1.7611000E+00	+8.8158064E-01	+8.8968377E+00
+1.7660000E+00	+8.8197181E-01	+8.1548771E+00
+1.7709000E+00	+8.8234606E-01	+7.4114724E+00
+1.7758000E+00	+8.8270354E-01	+6.6666087E+00
+1.7807000E+00	+8.8304440E-01	+5.9202711E+00
+1.7856000E+00	+8.8336878E-01	+5.1724438E+00
+1.7905000E+00	+8.8367681E-01	+4.4231111E+00
+1.7954000E+00	+8.8396863E-01	+3.6722566E+00
+1.8003000E+00	+8.8424435E-01	+2.9198635E+00
+1.8052000E+00	+8.8450408E-01	+2.1659148E+00
+1.8101000E+00	+8.8474796E-01	+1.4103930E+00
+1.8150000E+00	+8.8497607E-01	+6.5328042E-01
+1.8199000E+00	+8.8518853E-01	-1.0544111E-01
+1.8248000E+00	+8.8538542E-01	-8.6579002E-01
+1.8297000E+00	+8.8556684E-01	-1.6277851E+00
+1.8346000E+00	+8.8573287E-01	-2.3914454E+00
+1.8395000E+00	+8.8588360E-01	-3.1567903E+00
+1.8444000E+00	+8.8601909E-01	-3.9238396E+00
+1.8493000E+00	+8.8613941E-01	-4.6926131E+00
+1.8542000E+00	+8.8624464E-01	-5.4631312E+00
+1.8591000E+00	+8.8633482E-01	-6.2354145E+00
+1.8640000E+00	+8.8641001E-01	-7.0094837E+00
+1.8689000E+00	+8.8647026E-01	-7.7853599E+00
+1.8738000E+00	+8.8651560E-01	-8.5630645E+00
+1.8787000E+00	+8.8654609E-01	-9.3426192E+00
+1.8836000E+00	+8.8656175E-01	-1.0124046E+01
+1.8885000E+00	+8.8656261E-01	-1.0907366E+01
+1.8934000E+00	+8.8654868E-01	-1.1692603E+01
+1.8983000E+00	+8.8651999E-01	-1.2479779E+01
+1.9032000E+00	+8.8647656E-01	-1.3268917E+01
+1.9081000E+00	+8.8641838E-01	-1.4060039E+01
+1.9130000E+00	+8.8634545E-01	-1.4853170E+01
+1.9179000E+00	+8.8625778E-01	-1.5648332E+01
+1.9228000E+00	+8.8615536E-01	-1.6445550E+01
+1.9277000E+00	+8.8603818E-01	-1.7244847E+01
+1.9326000E+00	+8.8590620E-01	-1.8046248E+01
+1.9375000E+00	+8.8575943E-01	-1.8849776E+01
+1.9424000E+00	+8.8559781E-01	-1.9655457E+01
+1.9473000E+00	+8.8542133E-01	-2.0463315E+01
+1.9522000E+00	+8.8522994E-01	-2.1273375E+01
+1.9571000E+00	+8.8502360E-01	-2.2085662E+01
+1.9620000E+00	+8.8480227E-01	-2.2900201E+01
+1.9669000E+00	+8.8456588E-01	-2.3717019E+01
+1.9718000E+00	+8.8431439E-01	-2.4536140E+01
+1.9767000E+00	+8.8404772E-01	-2.5357591E+01
+1.9816000E+00	+8.8376582E-01	-2.6181397E+01
+1.9865000E+00	+8.8346861E-01	-2.7007585E+01
+1.9914000E+00	+8.8315600E-01	-2.7836181E+01
+1.9963000E+00	+8.8282793E-01	-2.8667212E+01
+2.0012000E+00	+8.8248429E-01	-2.9500703E+01
+2.0061000E+00	+8.8212500E-01	-3.0336682E+01
+2.0110000E+00	+8.8174996E-01	-3.1175176E+01
+2.0159000E+00	+8.8135907E-01	-3.2016212E+01
+2.0208000E+00	+8.8095222E-01	-3.2859817E+01
+2.0257000E+00	+8.8052929E-01	-3.3706018E+01
+2.0306000E+00	+8.8009018E-01	-3.4554843E+01
+2.0355000E+00	+8.7963475E-01	-3.5406318E+01
+2.0404000E+00	+8.7916287E-01	-3.6260473E+01
+2.0453000E+00	+8.7867443E-01	-3.7117334E+01
+2.0502000E+00	+8.7816926E-01	-3.7976929E+01
+2.0551000E+00	+8.7764725E-01	-3.8839286E+01
+2.0600000E+00	+8.7710823E-01	-3.9704433E+01
+2.0649000E+00	+8.7655205E-01	-4.0572398E+01
+2.0698000E+00	+8.7597855E-01	-4.1443210E+01
+2.0747000E+00	+8.7538758E-01	-4.2316895E+01
+2.0796000E+00	+8.7477896E-01	-4.3193483E+01
+2.0845000E+00	+8.7415251E-01	-4.4073001E+01
+2.0894000E+00	+8.7350807E-01	-4.4955478E+01
+2.0943000E+00	+8.7284544E-01	-4.5840942E+01
+2.0992000E+00	+8.7216443E-01	-4.6729420E+01
+2.1041000E+00	+8.7146485E-01	-4.7620943E+01
+2.1090000E+00	+8.7074651E-01	-4.8515536E+01
+2.1139000E+00	+8.7000919E-01	-4.9413229E+01
+2.1188000E+00	+8.6925269E-01	-5.0314050E+01
+2.1237000E+00	+8.6847679E-01	-5.1218027E+01
+2.1286000E+00	+8.6768128E-01	-5.2125187E+01
+2.1335000E+00	+8.6686591E-01	-5.3035559E+01
+2.1384000E+00	+8.6603047E-01	-5.3949169E+01
+2.1433000E+00	+8.6517472E-01	-5.4866047E+01
+2.1482000E+00	+8.6429842E-01	-5.5786219E+01
+2.1531000E+00	+8.6340133E-01	-5.6709713E+01
+2.1580000E+00	+8.6248318E-01	-5.7636555E+01
+2.1629000E+00	+8.6154372E-01	-5.8566773E+01
+2.1678000E+00	+8.6058271E-01	-5.9500394E+01
+2.1727000E+00	+8.5959985E-01	-6.0437443E+01
+2.1776000E+00	+8.5859490E-01	-6.1377949E+01
+2.1825000E+00	+8.5756757E-01	-6.2321935E+01
+2.1874000E+00	+8.5651757E-01	-6.3269428E+01
+2.1923000E+00	+8.5544463E-01	-6.4220454E+01
+2.1972000E+00	+8.5434845E-01	-6.5175038E+01
+2.2021000E+00	+8.5322874E-01	-6.6133203E+01
+2.2070000E+00	+8.5208520E-01	-6.7094975E+01
+2.2119000E+00	+8.5091753E-01	-6.8060378E+01
+2.2168000E+00	+8.4972541E-01	-6.9029434E+01
+2.2217000E+00	+8.4850853E-01	-7.0002168E+01
+2.2266000E+00	+8.4726658E-01	-7.0978600E+01
+2.2315000E+00	+8.4599923E-01	-7.1958754E+01
+2.2364000E+00	+8.4470616E-01	-7.2942650E+01
+2.2413000E+00	+8.4338703E-01	-7.3930309E+01
+2.2462000E+00	+8.4204153E-01	-7.4921752E+01
+2.2511000E+00	+8.4066930E-01	-7.5916998E+01
+2.2560000E+00	+8.3927000E-01	-7.6916066E+01
+2.2609000E+00	+8.3784331E-01	-7.7918973E+01
+2.2658000E+00	+8.3638885E-01	-7.8925739E+01
+2.2707000E+00	+8.3490630E-01	-7.9936379E+01
+2.2756000E+00	+8.3339527E-01	-8.0950914E+01
+2.2805000E+00	+8.3185523E-01	-8.1969429E+01
+2.2854000E+00	+8.3028666E-01	-8.2991617E+01
+2.2903000E+00	+8.2868809E-01	-8.4017917E+01
+2.2952000E+00	+8.2705968E-01	-8.5048139E+01
+2.3001000E+00	+8.2540104E-01	-8.6082309E+01
+2.3050000E+00	+8.2371179E-01	-8.7120438E+01
+2.3099000E+00	+8.2199156E-01	-8.8162535E+01
+2.3148000E+00	+8.2023999E-01	-8.9208607E+01
+2.3197000E+00	+8.1845671E-01	-9.0258661E+01
+2.3246000E+00	+8.1664135E-01	-9.1312700E+01
+2.3295000E+00	+8.1479356E-01	-9.2370727E+01
+2.3344000E+00	+8.1291297E-01	-9.3432744E+01
+2.3393000E+00	+8.1099921E-01	-9.4498749E+01
+2.3442000E+00	+8.0905192E-01	-9.5568741E+01
+2.3491000E+00	+8.0707075E-01	-9.6642717E+01
+2.3540000E+00	+8.0505533E-01	-9.7720671E+01
+2.3589000E+00	+8.0300532E-01	-9.8802596E+01
+2.3638000E+00	+8.0092036E-01	-9.9888483E+01
+2.3687000E+00	+7.9880010E-01	-1.0097832E+02
+2.3736000E+00	+7.9664421E-01	-1.0207210E+02
+2.3785000E+00	+7.9445235E-01	-1.0316979E+02
+2.3834000E+00	+7.9222419E-01	-1.0427140E+02
+2.3883000E+00	+7.8995940E-01	-1.0537688E+02
+2.3932000E+00	+7.8765767E-01	-1.0648623E+02
+2.3981000E+00	+7.8531868E-01	-1.0759942E+02
+2.4030000E+00	+7.8294215E-01	-1.0871643E+02
+2.4079000E+00	+7.8052776E-01	-1.0983721E+02
+2.4128000E+00	+7.7807525E-01	-1.1096174E+02
+2.4177000E+00	+7.7558435E-01	-1.1208999E+02
+2.4226000E+00	+7.7305478E-01	-1.1322191E+02
+2.4275000E+00	+7.7048630E-01	-1.1435747E+02
+2.4324000E+00	+7.6787869E-01	-1.1549662E+02
+2.4373000E+00	+7.6523171E-01	-1.1663931E+02
+2.4422000E+00	+7.6254516E-01	-1.1778550E+02
+2.4471000E+00	+7.5981885E-01	-1.1893512E+02
+2.4520000E+00	+7.5705261E-01	-1.2008813E+02
+2.4569000E+00	+7.5424628E-01	-1.2124445E+02
+2.4618000E+00	+7.5139972E-01	-1.2240403E+02
+2.4667000E+00	+7.4851281E-01	-1.2356680E+02
+2.4716000E+00	+7.4558546E-01	-1.2473268E+02
+2.4765000E+00	+7.4261759E-01	-1.2590159E+02
+2.4814000E+00	+7.3960914E-01	-1.2707346E+02
+2.4863000E+00	+7.3656009E-01	-1.2824820E+02
+2.4912000E+00	+7.3347043E-01	-1.2942572E+02
+2.4961000E+00	+7.3034018E-01	-1.3060593E+02
+2.5010000E+00	+7.2716940E-01	-1.3178873E+02
+2.5059000E+00	+7.2395815E-01	-1.3297400E+02
+2.5108000E+00	+7.2070655E-01	-1.3416166E+02
+2.5157000E+00	+7.1741473E-01	-1.3535157E+02
+2.5206000E+00	+7.1408287E-01	-1.3654363E+02
+2.5255000E+00	+7.1071116E-01	-1.3773770E+02
+2.5304000E+00	+7.0729985E-01	-1.3893367E+02
+2.5353000E+00	+7.0384921E-01	-1.4013139E+02
+2.5402000E+00	+7.0035956E-01	-1.4133072E+02
+2.5451000E+00	+6.9683123E-01	-1.4253152E+02
+2.5500000E+00	+6.9326464E-01	-1.4373363E+02
+2.5549000E+00	+6.8966020E-01	-1.4493690E+02
+2.5598000E+00	+6.8601840E-01	-1.4614116E+02
+2.5647000E+00	+6.8233975E-01	-1.4734625E+02
+2.5696000E+00	+6.7862483E-01	-1.4855197E+02
+2.5745000E+00	+6.7487424E-01	-1.4975816E+02
+2.5794000E+00	+6.7108866E-01	-1.5096462E+02
+2.5843000E+00	+6.6726880E-01	-1.5217115E+02
+2.5892000E+00	+6.6341542E-01	-1.5337755E+02
+2.5941000E+00	+6.5952934E-01	-1.5458361E+02
+2.5990000E+00	+6.5561145E-01	-1.5578911E+02
+2.6039000E+00	+6.5166267E-01	-1.5699383E+02
+2.6088000E+00	+6.4768399E-01	-1.5819753E+02
+2.6137000E+00	+6.4367647E-01	-1.5939998E+02
+2.6186000E+00	+6.3964122E-01	-1.6060092E+02
+2.6235000E+00	+6.3557942E-01	-1.6180012E+02
+2.6284000E+00	+6.3149231E-01	-1.6299729E+02
+2.6333000E+00	+6.2738121E-01	-1.6419219E+02
+2.6382000E+00	+6.2324748E-01	-1.6538452E+02
+2.6431000E+00	+6.1909258E-01	-1.6657402E+02
+2.6480000E+00	+6.1491803E-01	-1.6776038E+02
+2.6529000E+00	+6.1072543E-01	-1.6894331E+02
+2.6578000E+00	+6.0651644E-01	-1.7012251E+02
+2.6627000E+00	+6.0229281E-01	-1.7129766E+02
+2.6676000E+00	+5.9805638E-01	-1.7246845E+02
+2.6725000E+00	+5.9380905E-01	-1.7363455E+02
+2.6774000E+00	+5.8955280E-01	-1.7479562E+02
+2.6823000E+00	+5.8528973E-01	-1.7595134E+02
+2.6872000E+00	+5.8102198E-01	-1.7710136E+02
+2.6921000E+00	+5.7675181E-01	-1.7824533E+02
+2.6970000E+00	+5.7248155E-01	-1.7938289E+02
+2.7019000E+00	+5.6821364E-01	+1.7948631E+02
+2.7068000E+00	+5.6395059E-01	+1.7836264E+02
+2.7117000E+00	+5.5969502E-01	+1.7724646E+02
+2.7166000E+00	+5.5544965E-01	+1.7613815E+02
+2.7215000E+00	+5.5121727E-01	+1.7503806E+02
+2.7264000E+00	+5.4700080E-01	+1.7394659E+02
+2.7313000E+00	+5.4280322E-01	+1.7286409E+02
+2.7362000E+00	+5.3862764E-01	+1.7179094E+02
+2.7411000E+00	+5.3447726E-01	+1.7072751E+02
+2.7460000E+00	+5.3035538E-01	+1.6967417E+02
+2.7509000E+00	+5.2626539E-01	+1.6863129E+02
+2.7558000E+00	+5.2221079E-01	+1.6759921E+02
+2.7607000E+00	+5.1819516E-01	+1.6657829E+02
+2.7656000E+00	+5.1422221E-01	+1.6556887E+02
+2.7705000E+00	+5.1029570E-01	+1.6457128E+02
+2.7754000E+00	+5.0641951E-01	+1.6358584E+02
+2.7803000E+00	+5.0259762E-01	+1.6261284E+02
+2.7852000E+00	+4.9883407E-01	+1.6165259E+02
+2.7901000E+00	+4.9513300E-01	+1.6070534E+02
+2.7950000E+00	+4.9149862E-01	+1.5977134E+02
+2.7999000E+00	+4.8793520E-01	+1.5885081E+02
+2.8048000E+00	+4.8444711E-01	+1.5794395E+02
+2.8097000E+00	+4.8103875E-01	+1.5705092E+02
+2.8146000E+00	+4.7771457E-01	+1.5617186E+02
+2.8195000E+00	+4.7447909E-01	+1.5530687E+02
+2.8244000E+00	+4.7133683E-01	+1.5445602E+02
+2.8293000E+00	+4.6829236E-01	+1.5361933E+02
+2.8342000E+00	+4.6535023E-01	+1.5279678E+02
+2.8391000E+00	+4.6251501E-01	+1.5198830E+02
+2.8440000E+00	+4.5979122E-01	+1.5119381E+02
+2.8489000E+00	+4.5718341E-01	+1.5041313E+02
+2.8538000E+00	+4.5469602E-01	+1.4964605E+02
+2.8587000E+00	+4.5233347E-01	+1.4889232E+02
+2.8636000E+00	+4.5010006E-01	+1.4815162E+02
+2.8685000E+00	+4.4800001E-01	+1.4742359E+02
+2.8734000E+00	+4.4603744E-01	+1.4670779E+02
+2.8783000E+00	+4.4421630E-01	+1.4600375E+02
+2.8832000E+00	+4.4254043E-01	+1.4531092E+02
+2.8881000E+00	+4.4101340E-01	+1.4462874E+02
+2.8930000E+00	+4.3963870E-01	+1.4395653E+02
+2.8979000E+00	+4.3841955E-01	+1.4329363E+02
+2.9028000E+00	+4.3735892E-01	+1.4263927E+02
+2.9077000E+00	+4.3645957E-01	+1.4199268E+02
+2.9126000E+00	+4.3572397E-01	+1.4135301E+02
+2.9175000E+00	+4.3515435E-01	+1.4071941E+02
+2.9224000E+00	+4.3475249E-01	+1.4009099E+02
+2.9273000E+00	+4.3452013E-01	+1.3946662E+02
+2.9322000E+00	+4.3445837E-01	+1.3884581E+02
+2.9371000E+00	+4.3456826E-01	+1.3822720E+02
+2.9420000E+00	+4.3485035E-01	+1.3760990E+02
+2.9469000E+00	+4.3530490E-01	+1.3699294E+02
+2.9518000E+00	+4.3593180E-01	+1.3637533E+02
+2.9567000E+00	+4.3673062E-01	+1.3575609E+02
+2.9616000E+00	+4.3770055E-01	+1.3513426E+02
+2.9665000E+00	+4.3884047E-01	+1.3450888E+02
+2.9714000E+00	+4.4014892E-01	+1.3387904E+02
+2.9763000E+00	+4.4162407E-01	+1.3324385E+02
+2.9812000E+00	+4.4326383E-01	+1.3260243E+02
+2.9861000E+00	+4.4506577E-01	+1.3195399E+02
+2.9910000E+00	+4.4702716E-01	+1.3129774E+02
+2.9959000E+00	+4.4914500E-01	+1.3063295E+02
+3.0008000E+00	+4.5141604E-01	+1.2995895E+02
+3.0057000E+00	+4.5383675E-01	+1.2927511E+02
+3.0106000E+00	+4.5640340E-01	+1.2858086E+02
+3.0155000E+00	+4.5911204E-01	+1.2787568E+02
+3.0204000E+00	+4.6195852E-01	+1.2715911E+02
+3.0253000E+00	+4.6493852E-01	+1.2643075E+02
+3.0302000E+00	+4.6804757E-01	+1.2569025E+02
+3.0351000E+00	+4.7128107E-01	+1.2493731E+02
+3.0400000E+00	+4.7463429E-01	+1.2417169E+02
+3.0449000E+00	+4.7810240E-01	+1.2339321E+02
+3.0498000E+00	+4.8168051E-01	+1.2260173E+02
+3.0547000E+00	+4.8536364E-01	+1.2179717E+02
+3.0596000E+00	+4.8914680E-01	+1.2097948E+02
+3.0645000E+00	+4.9302493E-01	+1.2014867E+02
+3.0694000E+00	+4.9699298E-01	+1.1930478E+02
+3.0743000E+00	+5.0104589E-01	+1.1844789E+02
+3.0792000E+00	+5.0517862E-01	+1.1757813E+02
+3.0841000E+00	+5.0938614E-01	+1.1669565E+02
+3.0890000E+00	+5.1366347E-01	+1.1580064E+02
+3.0939000E+00	+5.1800568E-01	+1.1489330E+02
+3.0988000E+00	+5.2240787E-01	+1.1397388E+02
+3.1037000E+00	+5.2686525E-01	+1.1304263E+02
+3.1086000E+00	+5.3137307E-01	+1.1209985E+02
+3.1135000E+00	+5.3592667E-01	+1.1114582E+02
+3.1184000E+00	+5.4052149E-01	+1.1018087E+02
+3.1233000E+00	+5.4515305E-01	+1.0920532E+02
+3.1282000E+00	+5.4981699E-01	+1.0821951E+02
+3.1331000E+00	+5.5450902E-01	+1.0722379E+02
+3.1380000E+00	+5.5922500E-01	+1.0621853E+02
+3.1429000E+00	+5.6396088E-01	+1.0520407E+02
+3.1478000E+00	+5.6871272E-01	+1.0418081E+02
+3.1527000E+00	+5.7347672E-01	+1.0314909E+02
+3.1576000E+00	+5.7824917E-01	+1.0210930E+02
+3.1625000E+00	+5.8302652E-01	+1.0106180E+02
+3.1674000E+00	+5.8780530E-01	+1.0000698E+02
+3.1723000E+00	+5.9258219E-01	+9.8945200E+01
+3.1772000E+00	+5.9735400E-01	+9.7876828E+01
+3.1821000E+00	+6.0211759E-01	+9.6802232E+01
+3.1870000E+00	+6.0687011E-01	+9.5721767E+01
+3.1919000E+00	+6.1160865E-01	+9.4635792E+01
+3.1968000E+00	+6.1633053E-01	+9.3544656E+01
+3.2017000E+00	+6.2103314E-01	+9.2448702E+01
+3.2066000E+00	+6.2571402E-01	+9.1348268E+01
+3.2115000E+00	+6.3037082E-01	+9.0243682E+01
+3.2164000E+00	+6.3500138E-01	+8.9135282E+01
+3.2213000E+00	+6.3960339E-01	+8.8023352E+01
+3.2262000E+00	+6.4417499E-01	+8.6908224E+01
+3.2311000E+00	+6.4871426E-01	+8.5790193E+01
+3.2360000E+00	+6.5321940E-01	+8.4669550E+01
+3.2409000E+00	+6.5768873E-01	+8.3546578E+01
+3.2458000E+00	+6.6212068E-01	+8.2421552E+01
+3.2507000E+00	+6.6651377E-01	+8.1294739E+01
+3.2556000E+00	+6.7086661E-01	+8.0166398E+01
+3.2605000E+00	+6.7517794E-01	+7.9036779E+01
+3.2654000E+00	+6.7944656E-01	+7.7906122E+01
+3.2703000E+00	+6.8367138E-01	+7.6774663E+01
+3.2752000E+00	+6.8785138E-01	+7.5642624E+01
+3.2801000E+00	+6.9198564E-01	+7.4510225E+01
+3.2850000E+00	+6.9607333E-01	+7.3377672E+01
+3.2899000E+00	+7.0011368E-01	+7.2245168E+01
+3.2948000E+00	+7.0410600E-01	+7.1112905E+01
+3.2997000E+00	+7.0804968E-01	+6.9981067E+01
+3.3046000E+00	+7.1194419E-01	+6.8849833E+01
+3.3095000E+00	+7.1578906E-01	+6.7719373E+01
+3.3144000E+00	+7.1958387E-01	+6.6589849E+01
+3.3193000E+00	+7.2332828E-01	+6.5461417E+01
+3.3242000E+00	+7.2702202E-01	+6.4334225E+01
+3.3291000E+00	+7.3066485E-01	+6.3208415E+01
+3.3340000E+00	+7.3425660E-01	+6.2084121E+01
+3.3389000E+00	+7.3779717E-01	+6.0961472E+01
+3.3438000E+00	+7.4128647E-01	+5.9840590E+01
+3.3487000E+00	+7.4472449E-01	+5.8721590E+01
+3.3536000E+00	+7.4811126E-01	+5.7604583E+01
+3.3585000E+00	+7.5144683E-01	+5.6489671E+01
+3.3634000E+00	+7.5473132E-01	+5.5376954E+01
+3.3683000E+00	+7.5796487E-01	+5.4266522E+01
+3.3732000E+00	+7.6114767E-01	+5.3158464E+01
+3.3781000E+00	+7.6427992E-01	+5.2052861E+01
+3.3830000E+00	+7.6736187E-01	+5.0949790E+01
+3.3879000E+00	+7.7039380E-01	+4.9849322E+01
+3.3928000E+00	+7.7337601E-01	+4.8751525E+01
+3.3977000E+00	+7.7630883E-01	+4.7656461E+01
+3.4026000E+00	+7.7919262E-01	+4.6564188E+01
+3.4075000E+00	+7.8202775E-01	+4.5474760E+01
+3.4124000E+00	+7.8481461E-01	+4.4388225E+01
+3.4173000E+00	+7.8755363E-01	+4.3304630E+01
+3.4222000E+00	+7.9024523E-01	+4.2224015E+01
+3.4271000E+00	+7.9288987E-01	+4.1146419E+01
+3.4320000E+00	+7.9548801E-01	+4.0071875E+01
+3.4369000E+00	+7.9804012E-01	+3.9000414E+01
+3.4418000E+00	+8.0054670E-01	+3.7932063E+01
+3.4467000E+00	+8.0300824E-01	+3.6866845E+01
+3.4516000E+00	+8.0542526E-01	+3.5804782E+01
+3.4565000E+00	+8.0779828E-01	+3.4745891E+01
+3.4614000E+00	+8.1012781E-01	+3.3690186E+01
+3.4663000E+00	+8.1241440E-01	+3.2637679E+01
+3.4712000E+00	+8.1465857E-01	+3.1588379E+01
+3.4761000E+00	+8.1686088E-01	+3.0542293E+01
+3.4810000E+00	+8.1902187E-01	+2.9499424E+01
+3.4859000E+00	+8.2114208E-01	+2.8459773E+01
+3.4908000E+00	+8.2322208E-01	+2.7423339E+01
+3.4957000E+00	+8.2526240E-01	+2.6390119E+01
+3.5006000E+00	+8.2726363E-01	+2.5360106E+01
+3.5055000E+00	+8.2922623E-01	+2.4333299E+01
+3.5104000E+00	+8.3115090E-01	+2.3309675E+01
+3.5153000E+00	+8.3303810E-01	+2.2289231E+01
+3.5202000E+00	+8.3488839E-01	+2.1271951E+01
+3.5251000E+00	+8.3670234E-01	+2.0257819E+01
+3.5300000E+00	+8.3848048E-01	+1.9246817E+01
+3.5349000E+00	+8.4022337E-01	+1.8238926E+01
+3.5398000E+00	+8.4193154E-01	+1.7234124E+01
+3.5447000E+00	+8.4360553E-01	+1.6232387E+01
+3.5496000E+00	+8.4524589E-01	+1.5233691E+01
+3.5545000E+00	+8.4685314E-01	+1.4238009E+01
+3.5594000E+00	+8.4842782E-01	+1.3245313E+01
+3.5643000E+00	+8.4997044E-01	+1.2255573E+01
+3.5692000E+00	+8.5148153E-01	+1.1268757E+01
+3.5741000E+00	+8.5296160E-01	+1.0284833E+01
+3.5790000E+00	+8.5441118E-01	+9.3037643E+00
+3.5839000E+00	+8.5583076E-01	+8.3255149E+00
+3.5888000E+00	+8.5722082E-01	+7.3500525E+00
+3.5937000E+00	+8.5858191E-01	+6.3773290E+00
+3.5986000E+00	+8.5991450E-01	+5.4073073E+00
+3.6035000E+00	+8.6121907E-01	+4.4399443E+00
+3.6084000E+00	+8.6249613E-01	+3.4751954E+00
+3.6133000E+00	+8.6374615E-01	+2.5130143E+00
+3.6182000E+00	+8.6496960E-01	+1.5533530E+00
+3.6231000E+00	+8.6616697E-01	+5.9616163E-01
+3.6280000E+00	+8.6733873E-01	-3.5861158E-01
+3.6329000E+00	+8.6848535E-01	-1.3110203E+00
+3.6378000E+00	+8.6960729E-01	-2.2611204E+00
+3.6427000E+00	+8.7070503E-01	-3.2089696E+00
+3.6476000E+00	+8.7177902E-01	-4.1546282E+00
+3.6525000E+00	+8.7282972E-01	-5.0981586E+00
+3.6574000E+00	+8.7385761E-01	-6.0396261E+00
+3.6623000E+00	+8.7486314E-01	-6.9790982E+00
+3.6672000E+00	+8.7584678E-01	-7.9166457E+00
+3.6721000E+00	+8.7680899E-01	-8.8523422E+00
+3.6770000E+00	+8.7775024E-01	-9.7862648E+00
+3.6819000E+00	+8.7867101E-01	-1.0718494E+01
+3.6868000E+00	+8.7957177E-01	-1.1649114E+01
+3.6917000E+00	+8.8045302E-01	-1.2578212E+01
+3.6966000E+00	+8.8131523E-01	-1.3505885E+01
+3.7015000E+00	+8.8215891E-01	-1.4432228E+01
+3.7064000E+00	+8.8298458E-01	-1.5357344E+01
+3.7113000E+00	+8.8379276E-01	-1.6281344E+01
+3.7162000E+00	+8.8458399E-01	-1.7204342E+01
+3.7211000E+00	+8.8535884E-01	-1.8126462E+01
+3.7260000E+00	+8.8611788E-01	-1.9047834E+01
+3.7309000E+00	+8.8686173E-01	-1.9968599E+01
+3.7358000E+00	+8.8759102E-01	-2.0888905E+01
+3.7407000E+00	+8.8830641E-01	-2.1808912E+01
+3.7456000E+00	+8.8900862E-01	-2.2728792E+01
+3.7505000E+00	+8.8969838E-01	-2.3648730E+01
+3.7554000E+00	+8.9037651E-01	-2.4568929E+01
+3.7603000E+00	+8.9104385E-01	-2.5489604E+01
+3.7652000E+00	+8.9170134E-01	-2.6410994E+01
+3.7701000E+00	+8.9234996E-01	-2.7333357E+01
+3.7750000E+00	+8.9299081E-01	-2.8256977E+01
+3.7799000E+00	+8.9362506E-01	-2.9182167E+01
+3.7848000E+00	+8.9425404E-01	-3.0109271E+01
+3.7897000E+00	+8.9487917E-01	-3.1038672E+01
+3.7946000E+00	+8.9550206E-01	-3.1970795E+01
+3.7995000E+00	+8.9612449E-01	-3.2906117E+01
+3.8044000E+00	+8.9674847E-01	-3.3845172E+01
+3.8093000E+00	+8.9737625E-01	-3.4788563E+01
+3.8142000E+00	+8.9801039E-01	-3.5736975E+01
+3.8191000E+00	+8.9865381E-01	-3.6691188E+01
+3.8240000E+00	+8.9930987E-01	-3.7652081E+01
+3.8289000E+00	+8.9998237E-01	-3.8620725E+01
+3.8338000E+00	+9.0067583E-01	-3.9598278E+01
+3.8387000E+00	+9.0139546E-01	-4.0586150E+01
+3.8436000E+00	+9.0214739E-01	-4.1585984E+01
+3.8485000E+00	+9.0293889E-01	-4.2599728E+01
+3.8534000E+00	+9.0377863E-01	-4.3629714E+01
+3.8583000E+00	+9.0467703E-01	-4.4678759E+01
+3.8632000E+00	+9.0564689E-01	-4.5750634E+01
+3.8681000E+00	+9.0670319E-01	-4.6848315E+01
+3.8730000E+00	+9.0786574E-01	-4.7978445E+01
+3.8779000E+00	+9.0915837E-01	-4.9147109E+01
+3.8828000E+00	+9.1061166E-01	-5.0362823E+01
+3.8877000E+00	+9.1226499E-01	-5.1636666E+01
+3.8926000E+00	+9.1416995E-01	-5.2983358E+01
+3.8975000E+00	+9.1639535E-01	-5.4422896E+01
+3.9024000E+00	+9.1903493E-01	-5.5983155E+01
+3.9073000E+00	+9.2221947E-01	-5.7704191E+01
+3.9122000E+00	+9.2613642E-01	-5.9645698E+01
+3.9171000E+00	+9.3106269E-01	-6.1900686E+01
+3.9220000E+00	+9.3742092E-01	-6.4622363E+01
+3.9269000E+00	+9.4587561E-01	-6.8081808E+01
+3.9318000E+00	+9.5747829E-01	-7.2806548E+01
+3.9367000E+00	+9.7369208E-01	-7.9968639E+01
+3.9416000E+00	+9.9409047E-01	-9.2728712E+01
+3.9465000E+00	+9.8247648E-01	-1.2235040E+02
+3.9514000E+00	+6.1750880E-01	+1.4728346E+02
+3.9563000E+00	+5.5396274E-01	+2.0602860E+01
+3.9612000E+00	+6.9100848E-01	-1.6674406E+01
+3.9661000E+00	+7.5343863E-01	-3.0893591E+01
+3.9710000E+00	+7.8583788E-01	-3.8549282E+01
+3.9759000E+00	+8.0508886E-01	-4.3495307E+01
+3.9808000E+00	+8.1761740E-01	-4.7070154E+01
+3.9857000E+00	+8.2628703E-01	-4.9857196E+01
+3.9906000E+00	+8.3254465E-01	-5.2150519E+01
+3.9955000E+00	+8.3719383E-01	-5.4114220E+01
+4.0004000E+00	+8.4071467E-01	-5.5847020E+01
+4.0053000E+00	+8.4341045E-01	-5.7411827E+01
+4.0102000E+00	+8.4548193E-01	-5.8850643E+01
+4.0151000E+00	+8.4706654E-01	-6.0192504E+01
+4.0200000E+00	+8.4826228E-01	-6.1458282E+01
+4.0249000E+00	+8.4913967E-01	-6.2663220E+01
+4.0298000E+00	+8.4975155E-01	-6.3818560E+01
+4.0347000E+00	+8.5013698E-01	-6.4933479E+01
+4.0396000E+00	+8.5032675E-01	-6.6014517E+01
+4.0445000E+00	+8.5034445E-01	-6.7067130E+01
+4.0494000E+00	+8.5020824E-01	-6.8095610E+01
+4.0543000E+00	+8.4993308E-01	-6.9103503E+01
+4.0592000E+00	+8.4953037E-01	-7.0093661E+01
+4.0641000E+00	+8.4900931E-01	-7.1068462E+01
+4.0690000E+00	+8.4837722E-01	-7.2029889E+01
+4.0739000E+00	+8.4763989E-01	-7.2979613E+01
+4.0788000E+00	+8.4680185E-01	-7.3919047E+01
+4.0837000E+00	+8.4586661E-01	-7.4849401E+01
+4.0886000E+00	+8.4483681E-01	-7.5771710E+01
+4.0935000E+00	+8.4371435E-01	-7.6686869E+01
+4.0984000E+00	+8.4250050E-01	-7.7595653E+01
+4.1033000E+00	+8.4119597E-01	-7.8498734E+01
+4.1082000E+00	+8.3980099E-01	-7.9396702E+01
+4.1131000E+00	+8.3831532E-01	-8.0290074E+01
+4.1180000E+00	+8.3673844E-01	-8.1179289E+01
+4.1229000E+00	+8.3506931E-01	-8.2064750E+01
+4.1278000E+00	+8.3330665E-01	-8.2946798E+01
+4.1327000E+00	+8.3144884E-01	-8.3825736E+01
+4.1376000E+00	+8.2949374E-01	-8.4701948E+01
+4.1425000E+00	+8.2744001E-01	-8.5575182E+01
+4.1474000E+00	+8.2528414E-01	-8.6446178E+01
+4.1523000E+00	+8.2302382E-01	-8.7314862E+01
+4.1572000E+00	+8.2065600E-01	-8.8181365E+01
+4.1621000E+00	+8.1817741E-01	-8.9045779E+01
+4.1670000E+00	+8.1558450E-01	-8.9908163E+01
+4.1719000E+00	+8.1287348E-01	-9.0768546E+01
+4.1768000E+00	+8.1004027E-01	-9.1626925E+01
+4.1817000E+00	+8.0708057E-01	-9.2483265E+01
+4.1866000E+00	+8.0398978E-01	-9.3337494E+01
+4.1915000E+00	+8.0076306E-01	-9.4189507E+01
+4.1964000E+00	+7.9739531E-01	-9.5039156E+01
+4.2013000E+00	+7.9388117E-01	-9.5886253E+01
+4.2062000E+00	+7.9021504E-01	-9.6730562E+01
+4.2111000E+00	+7.8639104E-01	-9.7571799E+01
+4.2160000E+00	+7.8240305E-01	-9.8409630E+01
+4.2209000E+00	+7.7824513E-01	-9.9243587E+01
+4.2258000E+00	+7.7391012E-01	-1.0007330E+02
+4.2307000E+00	+7.6939174E-01	-1.0089816E+02
+4.2356000E+00	+7.6468310E-01	-1.0171753E+02
+4.2405000E+00	+7.5977727E-01	-1.0253069E+02
+4.2454000E+00	+7.5466729E-01	-1.0333679E+02
+4.2503000E+00	+7.4934620E-01	-1.0413486E+02
+4.2552000E+00	+7.4380718E-01	-1.0492382E+02
+4.2601000E+00	+7.3804362E-01	-1.0570240E+02
+4.2650000E+00	+7.3204923E-01	-1.0646919E+02
+4.2699000E+00	+7.2581826E-01	-1.0722256E+02
+4.2748000E+00	+7.1934563E-01	-1.0796069E+02
+4.2797000E+00	+7.1262719E-01	-1.0868151E+02
+4.2846000E+00	+7.0566001E-01	-1.0938267E+02
+4.2895000E+00	+6.9844269E-01	-1.1006154E+02
+4.2944000E+00	+6.9097591E-01	-1.1071516E+02
+4.2993000E+00	+6.8326071E-01	-1.1134022E+02
+4.3042000E+00	+6.7530664E-01	-1.1193294E+02
+4.3091000E+00	+6.6712044E-01	-1.1248923E+02
+4.3140000E+00	+6.5871635E-01	-1.1300448E+02
+4.3189000E+00	+6.5011325E-01	-1.1347360E+02
+4.3238000E+00	+6.4133610E-01	-1.1389106E+02
+4.3287000E+00	+6.3241700E-01	-1.1425080E+02
+4.3336000E+00	+6.2339636E-01	-1.1454634E+02
+4.3385000E+00	+6.1432416E-01	-1.1477082E+02
+4.3434000E+00	+6.0526125E-01	-1.1491706E+02
+4.3483000E+00	+5.9628032E-01	-1.1497784E+02
+4.3532000E+00	+5.8746797E-01	-1.1494597E+02
+4.3581000E+00	+5.7892432E-01	-1.1481479E+02
+4.3630000E+00	+5.7076453E-01	-1.1457849E+02
+4.3679000E+00	+5.6311835E-01	-1.1423268E+02
+4.3728000E+00	+5.5612930E-01	-1.1377502E+02
+4.3777000E+00	+5.4995265E-01	-1.1320591E+02
+4.3826000E+00	+5.4475208E-01	-1.1252923E+02
+4.3875000E+00	+5.4069462E-01	-1.1175296E+02
+4.3924000E+00	+5.3794638E-01	-1.1088980E+02
+4.3973000E+00	+5.3666029E-01	-1.0995713E+02
+4.4022000E+00	+5.3697309E-01	-1.0897705E+02
+4.4071000E+00	+5.3899368E-01	-1.0797558E+02
+4.4120000E+00	+5.4279615E-01	-1.0698151E+02
+4.4169000E+00	+5.4841360E-01	-1.0602485E+02
+4.4218000E+00	+5.5583480E-01	-1.0513513E+02
+4.4267000E+00	+5.6500284E-01	-1.0433960E+02
+4.4316000E+00	+5.7581837E-01	-1.0366179E+02
+4.4365000E+00	+5.8814410E-01	-1.0312043E+02
+4.4414000E+00	+6.0181222E-01	-1.0272888E+02
+4.4463000E+00	+6.1662836E-01	-1.0249508E+02
+4.4512000E+00	+6.3239679E-01	-1.0242174E+02
+4.4561000E+00	+6.4890245E-01	-1.0250736E+02
+4.4610000E+00	+6.6593634E-01	-1.0274652E+02
+4.4659000E+00	+6.8330105E-01	-1.0313119E+02
+4.4708000E+00	+7.0081000E-01	-1.0365132E+02
+4.4757000E+00	+7.1829370E-01	-1.0429562E+02
+4.4806000E+00	+7.3560167E-01	-1.0505224E+02
+4.4855000E+00	+7.5260369E-01	-1.0590919E+02
+4.4904000E+00	+7.6918997E-01	-1.0685480E+02
+4.4953000E+00	+7.8527061E-01	-1.0787793E+02
+4.5002000E+00	+8.0077453E-01	-1.0896817E+02
+4.5051000E+00	+8.1564796E-01	-1.1011600E+02
+4.5100000E+00	+8.2985269E-01	-1.1131276E+02
+4.5149000E+00	+8.4336419E-01	-1.1255074E+02
+4.5198000E+00	+8.5616973E-01	-1.1382311E+02
+4.5247000E+00	+8.6826652E-01	-1.1512388E+02
+4.5296000E+00	+8.7965997E-01	-1.1644788E+02
+4.5345000E+00	+8.9036208E-01	-1.1779067E+02
+4.5394000E+00	+9.0039003E-01	-1.1914848E+02
+4.5443000E+00	+9.0976490E-01	-1.2051814E+02
+4.5492000E+00	+9.1851056E-01	-1.2189702E+02
+4.5541000E+00	+9.2665276E-01	-1.2328298E+02
+4.5590000E+00	+9.3421836E-01	-1.2467427E+02
+4.5639000E+00	+9.4123466E-01	-1.2606954E+02
+4.5688000E+00	+9.4772899E-01	-1.2746778E+02
+4.5737000E+00	+9.5372764E-01	-1.2886815E+02
+4.5786000E+00	+9.5925721E-01	-1.3027023E+02
+4.5835000E+00	+9.6434226E-01	-1.3167369E+02
+4.5884000E+00	+9.6900647E-01	-1.3307842E+02
+4.5933000E+00	+9.7327215E-01	-1.3448445E+02
+4.5982000E+00	+9.7716011E-01	-1.3589197E+02
+4.6031000E+00	+9.8068965E-01	-1.3730129E+02
+4.6080000E+00	+9.8387853E-01	-1.3871281E+02
+4.6129000E+00	+9.8674294E-01	-1.4012705E+02
+4.6178000E+00	+9.8929749E-01	-1.4154458E+02
+4.6227000E+00	+9.9155523E-01	-1.4296606E+02
+4.6276000E+00	+9.9352768E-01	-1.4439224E+02
+4.6325000E+00	+9.9522482E-01	-1.4582388E+02
+4.6374000E+00	+9.9665511E-01	-1.4726185E+02
+4.6423000E+00	+9.9782552E-01	-1.4870703E+02
+4.6472000E+00	+9.9874153E-01	-1.5016040E+02
+4.6521000E+00	+9.9940712E-01	-1.5162295E+02
+4.6570000E+00	+9.9982478E-01	-1.5309574E+02
+4.6619000E+00	+9.9999550E-01	-1.5457989E+02
+4.6668000E+00	+9.9991873E-01	-1.5607653E+02
+4.6717000E+00	+9.9959239E-01	-1.5758692E+02
+4.6766000E+00	+9.9901276E-01	-1.5911233E+02
+4.6815000E+00	+9.9817449E-01	-1.6065408E+02
+4.6864000E+00	+9.9707051E-01	-1.6221359E+02
+4.6913000E+00	+9.9569192E-01	-1.6379233E+02
+4.6962000E+00	+9.9402794E-01	-1.6539183E+02
+4.7011000E+00	+9.9206578E-01	-1.6701372E+02
+4.7060000E+00	+9.8979017E-01	-1.6865967E+02
+4.7109000E+00	+9.8718448E-01	-1.7033155E+02
+4.7158000E+00	+9.8422856E-01	-1.7203119E+02
+4.7207000E+00	+9.8090010E-01	-1.7376059E+02
+4.7256000E+00	+9.7717390E-01	-1.7552185E+02
+4.7305000E+00	+9.7302162E-01	-1.7731718E+02
+4.7354000E+00	+9.6841163E-01	-1.7914890E+02
+4.7403000E+00	+9.6330865E-01	+1.7898051E+02
+4.7452000E+00	+9.5767354E-01	+1.7706847E+02
+4.7501000E+00	+9.5146296E-01	+1.7511224E+02
+4.7550000E+00	+9.4462906E-01	+1.7310894E+02
+4.7599000E+00	+9.3712046E-01	+1.7105565E+02
+4.7648000E+00	+9.2887606E-01	+1.6894895E+02
+4.7697000E+00	+9.1983538E-01	+1.6678556E+02
+4.7746000E+00	+9.0992917E-01	+1.6456209E+02
+4.7795000E+00	+8.9908257E-01	+1.6227483E+02
+4.7844000E+00	+8.8721491E-01	+1.5991996E+02
+4.7893000E+00	+8.7423965E-01	+1.5749355E+02
+4.7942000E+00	+8.6006446E-01	+1.5499151E+02
+4.7991000E+00	+8.4459171E-01	+1.5240965E+02
+4.8040000E+00	+8.2771913E-01	+1.4974369E+02
+4.8089000E+00	+8.0934082E-01	+1.4698928E+02
+4.8138000E+00	+7.8934876E-01	+1.4414203E+02
+4.8187000E+00	+7.6763472E-01	+1.4119751E+02
+4.8236000E+00	+7.4409029E-01	+1.3815051E+02
+4.8285000E+00	+7.1862301E-01	+1.3499910E+02
+4.8334000E+00	+6.9113356E-01	+1.3173624E+02
+4.8383000E+00	+6.6154727E-01	+1.2835826E+02
+4.8432000E+00	+6.2980522E-01	+1.2486026E+02
+4.8481000E+00	+5.9587242E-01	+1.2123680E+02
+4.8530000E+00	+5.5974337E-01	+1.1748126E+02
+4.8579000E+00	+5.2144742E-01	+1.1358503E+02
+4.8628000E+00	+4.8105373E-01	+1.0953588E+02
+4.8677000E+00	+4.3867549E-01	+1.0531542E+02
+4.8726000E+00	+3.9447324E-01	+1.0089447E+02
+4.8775000E+00	+3.4865755E-01	+9.6224525E+01
+4.8824000E+00	+3.0149257E-01	+9.1221054E+01
+4.8873000E+00	+2.5330437E-01	+8.5727566E+01
+4.8922000E+00	+2.0450654E-01	+7.9429160E+01
+4.8971000E+00	+1.5568528E-01	+7.1609587E+01
+4.9020000E+00	+1.0793040E-01	+6.0306385E+01
+4.9069000E+00	+6.4572328E-02	+3.8481992E+01
+4.9118000E+00	+4.2267583E-02	-1.6423405E+01
+4.9167000E+00	+6.6096733E-02	-6.8895204E+01
+4.9216000E+00	+1.0808686E-01	-8.9570084E+01
+4.9265000E+00	+1.5301242E-01	-1.0047463E+02
+4.9314000E+00	+1.9794870E-01	-1.0807112E+02
+4.9363000E+00	+2.4204136E-01	-1.1420005E+02
+4.9412000E+00	+2.8493525E-01	-1.1954979E+02
+4.9461000E+00	+3.2645901E-01	-1.2443317E+02
+4.9510000E+00	+3.6645203E-01	-1.2898430E+02
+4.9559000E+00	+4.0512731E-01	-1.3338402E+02
+4.9608000E+00	+4.4227477E-01	-1.3761079E+02
+4.9657000E+00	+4.7801814E-01	-1.4173508E+02
+4.9706000E+00	+5.1243220E-01	-1.4579061E+02
+4.9755000E+00	+5.4561101E-01	-1.4980586E+02
+4.9804000E+00	+5.7766419E-01	-1.5380639E+02
+4.9853000E+00	+6.0871415E-01	-1.5781693E+02
+4.9902000E+00	+6.3889366E-01	-1.6186269E+02
+4.9951000E+00	+6.6834369E-01	-1.6597042E+02
+5.0000000E+00	+6.9721130E-01	-1.7016959E+02
