+1.0000000E-01	+9.5798570E-01	-2.9537333E+01
+1.0490000E-01	+9.5414519E-01	-3.0921921E+01
+1.0980000E-01	+9.5018772E-01	-3.2298354E+01
+1.1470000E-01	+9.4612076E-01	-3.3666433E+01
+1.1960000E-01	+9.4195178E-01	-3.5025978E+01
+1.2450000E-01	+9.3768819E-01	-3.6376827E+01
+1.2940000E-01	+9.3333739E-01	-3.7718837E+01
+1.3430000E-01	+9.2890663E-01	-3.9051881E+01
+1.3920000E-01	+9.2440312E-01	-4.0375852E+01
+1.4410000E-01	+9.1983389E-01	-4.1690656E+01
+1.4900000E-01	+9.1520585E-01	-4.2996219E+01
+1.5390000E-01	+9.1052576E-01	-4.4292480E+01
+1.5880000E-01	+9.0580019E-01	-4.5579395E+01
+1.6370000E-01	+9.0103554E-01	-4.6856934E+01
+1.6860000E-01	+8.9623800E-01	-4.8125081E+01
+1.7350000E-01	+8.9141357E-01	-4.9383832E+01
+1.7840000E-01	+8.8656804E-01	-5.0633198E+01
+1.8330000E-01	+8.8170696E-01	-5.1873199E+01
+1.8820000E-01	+8.7683571E-01	-5.3103869E+01
+1.9310000E-01	+8.7195940E-01	-5.4325252E+01
+1.9800000E-01	+8.6708294E-01	-5.5537400E+01
+2.0290000E-01	+8.6221102E-01	-5.6740376E+01
+2.0780000E-01	+8.5734810E-01	-5.7934253E+01
+2.1270000E-01	+8.5249843E-01	-5.9119109E+01
+2.1760000E-01	+8.4766603E-01	-6.0295032E+01
+2.2250000E-01	+8.4285472E-01	-6.1462116E+01
+2.2740000E-01	+8.3806809E-01	-6.2620460E+01
+2.3230000E-01	+8.3330955E-01	-6.3770172E+01
+2.3720000E-01	+8.2858229E-01	-6.4911362E+01
+2.4210000E-01	+8.2388933E-01	-6.6044148E+01
+2.4700000E-01	+8.1923346E-01	-6.7168648E+01
+2.5190000E-01	+8.1461733E-01	-6.8284989E+01
+2.5680000E-01	+8.1004340E-01	-6.9393298E+01
+2.6170000E-01	+8.0551394E-01	-7.0493705E+01
+2.6660000E-01	+8.0103109E-01	-7.1586346E+01
+2.7150000E-01	+7.9659681E-01	-7.2671355E+01
+2.7640000E-01	+7.9221292E-01	-7.3748871E+01
+2.8130000E-01	+7.8788109E-01	-7.4819033E+01
+2.8620000E-01	+7.8360286E-01	-7.5881984E+01
+2.9110000E-01	+7.7937964E-01	-7.6937864E+01
+2.9600000E-01	+7.7521272E-01	-7.7986818E+01
+3.0090000E-01	+7.7110325E-01	-7.9028989E+01
+3.0580000E-01	+7.6705229E-01	-8.0064520E+01
+3.1070000E-01	+7.6306080E-01	-8.1093558E+01
+3.1560000E-01	+7.5912962E-01	-8.2116245E+01
+3.2050000E-01	+7.5525951E-01	-8.3132727E+01
+3.2540000E-01	+7.5145113E-01	-8.4143147E+01
+3.3030000E-01	+7.4770506E-01	-8.5147649E+01
+3.3520000E-01	+7.4402182E-01	-8.6146376E+01
+3.4010000E-01	+7.4040184E-01	-8.7139470E+01
+3.4500000E-01	+7.3684546E-01	-8.8127074E+01
+3.4990000E-01	+7.3335301E-01	-8.9109327E+01
+3.5480000E-01	+7.2992470E-01	-9.0086370E+01
+3.5970000E-01	+7.2656073E-01	-9.1058342E+01
+3.6460000E-01	+7.2326121E-01	-9.2025379E+01
+3.6950000E-01	+7.2002625E-01	-9.2987620E+01
+3.7440000E-01	+7.1685586E-01	-9.3945198E+01
+3.7930000E-01	+7.1375005E-01	-9.4898249E+01
+3.8420000E-01	+7.1070876E-01	-9.5846905E+01
+3.8910000E-01	+7.0773193E-01	-9.6791299E+01
+3.9400000E-01	+7.0481944E-01	-9.7731559E+01
+3.9890000E-01	+7.0197114E-01	-9.8667816E+01
+4.0380000E-01	+6.9918686E-01	-9.9600196E+01
+4.0870000E-01	+6.9646642E-01	-1.0052883E+02
+4.1360000E-01	+6.9380959E-01	-1.0145383E+02
+4.1850000E-01	+6.9121613E-01	-1.0237534E+02
+4.2340000E-01	+6.8868579E-01	-1.0329347E+02
+4.2830000E-01	+6.8621830E-01	-1.0420834E+02
+4.3320000E-01	+6.8381336E-01	-1.0512007E+02
+4.3810000E-01	+6.8147066E-01	-1.0602878E+02
+4.4300000E-01	+6.7918991E-01	-1.0693459E+02
+4.4790000E-01	+6.7697076E-01	-1.0783762E+02
+4.5280000E-01	+6.7481289E-01	-1.0873797E+02
+4.5770000E-01	+6.7271596E-01	-1.0963577E+02
+4.6260000E-01	+6.7067961E-01	-1.1053112E+02
+4.6750000E-01	+6.6870348E-01	-1.1142414E+02
+4.7240000E-01	+6.6678723E-01	-1.1231493E+02
+4.7730000E-01	+6.6493048E-01	-1.1320360E+02
+4.8220000E-01	+6.6313286E-01	-1.1409027E+02
+4.8710000E-01	+6.6139401E-01	-1.1497504E+02
+4.9200000E-01	+6.5971356E-01	-1.1585801E+02
+4.9690000E-01	+6.5809113E-01	-1.1673929E+02
+5.0180000E-01	+6.5652636E-01	-1.1761898E+02
+5.0670000E-01	+6.5501886E-01	-1.1849719E+02
+5.1160000E-01	+6.5356827E-01	-1.1937402E+02
+5.1650000E-01	+6.5217421E-01	-1.2024957E+02
+5.2140000E-01	+6.5083632E-01	-1.2112394E+02
+5.2630000E-01	+6.4955423E-01	-1.2199722E+02
+5.3120000E-01	+6.4832757E-01	-1.2286952E+02
+5.3610000E-01	+6.4715598E-01	-1.2374094E+02
+5.4100000E-01	+6.4603909E-01	-1.2461157E+02
+5.4590000E-01	+6.4497655E-01	-1.2548151E+02
+5.5080000E-01	+6.4396801E-01	-1.2635086E+02
+5.5570000E-01	+6.4301309E-01	-1.2721970E+02
+5.6060000E-01	+6.4211147E-01	-1.2808815E+02
+5.6550000E-01	+6.4126277E-01	-1.2895628E+02
+5.7040000E-01	+6.4046667E-01	-1.2982419E+02
+5.7530000E-01	+6.3972282E-01	-1.3069198E+02
+5.8020000E-01	+6.3903088E-01	-1.3155974E+02
+5.8510000E-01	+6.3839050E-01	-1.3242756E+02
+5.9000000E-01	+6.3780136E-01	-1.3329553E+02
+5.9490000E-01	+6.3726311E-01	-1.3416375E+02
+5.9980000E-01	+6.3677544E-01	-1.3503231E+02
+6.0470000E-01	+6.3633800E-01	-1.3590129E+02
+6.0960000E-01	+6.3595046E-01	-1.3677079E+02
+6.1450000E-01	+6.3561251E-01	-1.3764090E+02
+6.1940000E-01	+6.3532380E-01	-1.3851171E+02
+6.2430000E-01	+6.3508403E-01	-1.3938330E+02
+6.2920000E-01	+6.3489285E-01	-1.4025577E+02
+6.3410000E-01	+6.3474994E-01	-1.4112921E+02
+6.3900000E-01	+6.3465497E-01	-1.4200370E+02
+6.4390000E-01	+6.3460762E-01	-1.4287934E+02
+6.4880000E-01	+6.3460755E-01	-1.4375622E+02
+6.5370000E-01	+6.3465443E-01	-1.4463441E+02
+6.5860000E-01	+6.3474792E-01	-1.4551402E+02
+6.6350000E-01	+6.3488768E-01	-1.4639513E+02
+6.6840000E-01	+6.3507337E-01	-1.4727783E+02
+6.7330000E-01	+6.3530465E-01	-1.4816220E+02
+6.7820000E-01	+6.3558115E-01	-1.4904834E+02
+6.8310000E-01	+6.3590252E-01	-1.4993633E+02
+6.8800000E-01	+6.3626839E-01	-1.5082627E+02
+6.9290000E-01	+6.3667838E-01	-1.5171823E+02
+6.9780000E-01	+6.3713213E-01	-1.5261232E+02
+7.0270000E-01	+6.3762923E-01	-1.5350861E+02
+7.0760000E-01	+6.3816928E-01	-1.5440719E+02
+7.1250000E-01	+6.3875188E-01	-1.5530816E+02
+7.1740000E-01	+6.3937659E-01	-1.5621160E+02
+7.2230000E-01	+6.4004299E-01	-1.5711759E+02
+7.2720000E-01	+6.4075063E-01	-1.5802623E+02
+7.3210000E-01	+6.4149904E-01	-1.5893761E+02
+7.3700000E-01	+6.4228775E-01	-1.5985180E+02
+7.4190000E-01	+6.4311625E-01	-1.6076890E+02
+7.4680000E-01	+6.4398404E-01	-1.6168900E+02
+7.5170000E-01	+6.4489058E-01	-1.6261217E+02
+7.5660000E-01	+6.4583532E-01	-1.6353852E+02
+7.6150000E-01	+6.4681770E-01	-1.6446812E+02
+7.6640000E-01	+6.4783711E-01	-1.6540105E+02
+7.7130000E-01	+6.4889293E-01	-1.6633742E+02
+7.7620000E-01	+6.4998454E-01	-1.6727729E+02
+7.8110000E-01	+6.5111125E-01	-1.6822076E+02
+7.8600000E-01	+6.5227237E-01	-1.6916790E+02
+7.9090000E-01	+6.5346718E-01	-1.7011881E+02
+7.9580000E-01	+6.5469492E-01	-1.7107357E+02
+8.0070000E-01	+6.5595481E-01	-1.7203225E+02
+8.0560000E-01	+6.5724603E-01	-1.7299494E+02
+8.1050000E-01	+6.5856773E-01	-1.7396171E+02
+8.1540000E-01	+6.5991903E-01	-1.7493266E+02
+8.2030000E-01	+6.6129899E-01	-1.7590785E+02
+8.2520000E-01	+6.6270667E-01	-1.7688737E+02
+8.3010000E-01	+6.6414106E-01	-1.7787128E+02
+8.3500000E-01	+6.6560112E-01	-1.7885967E+02
+8.3990000E-01	+6.6708577E-01	-1.7985261E+02
+8.4480000E-01	+6.6859388E-01	+1.7914984E+02
+8.4970000E-01	+6.7012429E-01	+1.7814759E+02
+8.5460000E-01	+6.7167578E-01	+1.7714059E+02
+8.5950000E-01	+6.7324709E-01	+1.7612877E+02
+8.6440000E-01	+6.7483691E-01	+1.7511205E+02
+8.6930000E-01	+6.7644389E-01	+1.7409039E+02
+8.7420000E-01	+6.7806661E-01	+1.7306373E+02
+8.7910000E-01	+6.7970362E-01	+1.7203199E+02
+8.8400000E-01	+6.8135341E-01	+1.7099514E+02
+8.8890000E-01	+6.8301443E-01	+1.6995312E+02
+8.9380000E-01	+6.8468505E-01	+1.6890588E+02
+8.9870000E-01	+6.8636361E-01	+1.6785337E+02
+9.0360000E-01	+6.8804839E-01	+1.6679556E+02
+9.0850000E-01	+6.8973762E-01	+1.6573241E+02
+9.1340000E-01	+6.9142948E-01	+1.6466388E+02
+9.1830000E-01	+6.9312209E-01	+1.6358994E+02
+9.2320000E-01	+6.9481351E-01	+1.6251056E+02
+9.2810000E-01	+6.9650177E-01	+1.6142573E+02
+9.3300000E-01	+6.9818483E-01	+1.6033543E+02
+9.3790000E-01	+6.9986060E-01	+1.5923964E+02
+9.4280000E-01	+7.0152697E-01	+1.5813836E+02
+9.4770000E-01	+7.0318174E-01	+1.5703158E+02
+9.5260000E-01	+7.0482270E-01	+1.5591930E+02
+9.5750000E-01	+7.0644757E-01	+1.5480154E+02
+9.6240000E-01	+7.0805405E-01	+1.5367831E+02
+9.6730000E-01	+7.0963980E-01	+1.5254963E+02
+9.7220000E-01	+7.1120243E-01	+1.5141552E+02
+9.7710000E-01	+7.1273953E-01	+1.5027602E+02
+9.8200000E-01	+7.1424866E-01	+1.4913116E+02
+9.8690000E-01	+7.1572736E-01	+1.4798099E+02
+9.9180000E-01	+7.1717314E-01	+1.4682556E+02
+9.9670000E-01	+7.1858351E-01	+1.4566493E+02
+1.0016000E+00	+7.1995594E-01	+1.4449916E+02
+1.0065000E+00	+7.2128792E-01	+1.4332833E+02
+1.0114000E+00	+7.2257695E-01	+1.4215252E+02
+1.0163000E+00	+7.2382050E-01	+1.4097181E+02
+1.0212000E+00	+7.2501607E-01	+1.3978630E+02
+1.0261000E+00	+7.2616119E-01	+1.3859609E+02
+1.0310000E+00	+7.2725340E-01	+1.3740128E+02
+1.0359000E+00	+7.2829026E-01	+1.3620200E+02
+1.0408000E+00	+7.2926939E-01	+1.3499836E+02
+1.0457000E+00	+7.3018843E-01	+1.3379051E+02
+1.0506000E+00	+7.3104510E-01	+1.3257857E+02
+1.0555000E+00	+7.3183716E-01	+1.3136268E+02
+1.0604000E+00	+7.3256243E-01	+1.3014301E+02
+1.0653000E+00	+7.3321881E-01	+1.2891971E+02
+1.0702000E+00	+7.3380428E-01	+1.2769295E+02
+1.0751000E+00	+7.3431691E-01	+1.2646290E+02
+1.0800000E+00	+7.3475486E-01	+1.2522973E+02
+1.0849000E+00	+7.3511638E-01	+1.2399364E+02
+1.0898000E+00	+7.3539983E-01	+1.2275480E+02
+1.0947000E+00	+7.3560370E-01	+1.2151342E+02
+1.0996000E+00	+7.3572658E-01	+1.2026970E+02
+1.1045000E+00	+7.3576718E-01	+1.1902384E+02
+1.1094000E+00	+7.3572436E-01	+1.1777606E+02
+1.1143000E+00	+7.3559709E-01	+1.1652656E+02
+1.1192000E+00	+7.3538449E-01	+1.1527557E+02
+1.1241000E+00	+7.3508582E-01	+1.1402330E+02
+1.1290000E+00	+7.3470047E-01	+1.1276998E+02
+1.1339000E+00	+7.3422802E-01	+1.1151584E+02
+1.1388000E+00	+7.3366814E-01	+1.1026110E+02
+1.1437000E+00	+7.3302069E-01	+1.0900600E+02
+1.1486000E+00	+7.3228568E-01	+1.0775076E+02
+1.1535000E+00	+7.3146325E-01	+1.0649561E+02
+1.1584000E+00	+7.3055371E-01	+1.0524080E+02
+1.1633000E+00	+7.2955750E-01	+1.0398654E+02
+1.1682000E+00	+7.2847525E-01	+1.0273307E+02
+1.1731000E+00	+7.2730768E-01	+1.0148061E+02
+1.1780000E+00	+7.2605569E-01	+1.0022940E+02
+1.1829000E+00	+7.2472032E-01	+9.8979659E+01
+1.1878000E+00	+7.2330272E-01	+9.7731607E+01
+1.1927000E+00	+7.2180420E-01	+9.6485463E+01
+1.1976000E+00	+7.2022618E-01	+9.5241442E+01
+1.2025000E+00	+7.1857020E-01	+9.3999756E+01
+1.2074000E+00	+7.1683793E-01	+9.2760612E+01
+1.2123000E+00	+7.1503114E-01	+9.1524211E+01
+1.2172000E+00	+7.1315169E-01	+9.0290751E+01
+1.2221000E+00	+7.1120155E-01	+8.9060423E+01
+1.2270000E+00	+7.0918279E-01	+8.7833413E+01
+1.2319000E+00	+7.0709753E-01	+8.6609902E+01
+1.2368000E+00	+7.0494799E-01	+8.5390063E+01
+1.2417000E+00	+7.0273645E-01	+8.4174064E+01
+1.2466000E+00	+7.0046525E-01	+8.2962066E+01
+1.2515000E+00	+6.9813678E-01	+8.1754223E+01
+1.2564000E+00	+6.9575347E-01	+8.0550684E+01
+1.2613000E+00	+6.9331780E-01	+7.9351587E+01
+1.2662000E+00	+6.9083227E-01	+7.8157066E+01
+1.2711000E+00	+6.8829941E-01	+7.6967249E+01
+1.2760000E+00	+6.8572175E-01	+7.5782252E+01
+1.2809000E+00	+6.8310186E-01	+7.4602190E+01
+1.2858000E+00	+6.8044228E-01	+7.3427165E+01
+1.2907000E+00	+6.7774557E-01	+7.2257276E+01
+1.2956000E+00	+6.7501428E-01	+7.1092613E+01
+1.3005000E+00	+6.7225092E-01	+6.9933259E+01
+1.3054000E+00	+6.6945802E-01	+6.8779289E+01
+1.3103000E+00	+6.6663805E-01	+6.7630774E+01
+1.3152000E+00	+6.6379348E-01	+6.6487776E+01
+1.3201000E+00	+6.6092671E-01	+6.5350351E+01
+1.3250000E+00	+6.5804014E-01	+6.4218547E+01
+1.3299000E+00	+6.5513611E-01	+6.3092409E+01
+1.3348000E+00	+6.5221692E-01	+6.1971971E+01
+1.3397000E+00	+6.4928481E-01	+6.0857266E+01
+1.3446000E+00	+6.4634198E-01	+5.9748316E+01
+1.3495000E+00	+6.4339059E-01	+5.8645143E+01
+1.3544000E+00	+6.4043272E-01	+5.7547758E+01
+1.3593000E+00	+6.3747042E-01	+5.6456170E+01
+1.3642000E+00	+6.3450565E-01	+5.5370382E+01
+1.3691000E+00	+6.3154034E-01	+5.4290392E+01
+1.3740000E+00	+6.2857634E-01	+5.3216193E+01
+1.3789000E+00	+6.2561545E-01	+5.2147774E+01
+1.3838000E+00	+6.2265941E-01	+5.1085118E+01
+1.3887000E+00	+6.1970988E-01	+5.0028207E+01
+1.3936000E+00	+6.1676849E-01	+4.8977016E+01
+1.3985000E+00	+6.1383678E-01	+4.7931518E+01
+1.4034000E+00	+6.1091624E-01	+4.6891682E+01
+1.4083000E+00	+6.0800830E-01	+4.5857472E+01
+1.4132000E+00	+6.0511433E-01	+4.4828853E+01
+1.4181000E+00	+6.0223563E-01	+4.3805782E+01
+1.4230000E+00	+5.9937345E-01	+4.2788216E+01
+1.4279000E+00	+5.9652899E-01	+4.1776110E+01
+1.4328000E+00	+5.9370338E-01	+4.0769414E+01
+1.4377000E+00	+5.9089769E-01	+3.9768077E+01
+1.4426000E+00	+5.8811296E-01	+3.8772047E+01
+1.4475000E+00	+5.8535015E-01	+3.7781268E+01
+1.4524000E+00	+5.8261019E-01	+3.6795682E+01
+1.4573000E+00	+5.7989394E-01	+3.5815233E+01
+1.4622000E+00	+5.7720222E-01	+3.4839858E+01
+1.4671000E+00	+5.7453582E-01	+3.3869496E+01
+1.4720000E+00	+5.7189544E-01	+3.2904085E+01
+1.4769000E+00	+5.6928179E-01	+3.1943560E+01
+1.4818000E+00	+5.6669549E-01	+3.0987855E+01
+1.4867000E+00	+5.6413714E-01	+3.0036904E+01
+1.4916000E+00	+5.6160731E-01	+2.9090641E+01
+1.4965000E+00	+5.5910651E-01	+2.8148997E+01
+1.5014000E+00	+5.5663522E-01	+2.7211903E+01
+1.5063000E+00	+5.5419389E-01	+2.6279290E+01
+1.5112000E+00	+5.5178293E-01	+2.5351089E+01
+1.5161000E+00	+5.4940273E-01	+2.4427230E+01
+1.5210000E+00	+5.4705363E-01	+2.3507642E+01
+1.5259000E+00	+5.4473595E-01	+2.2592254E+01
+1.5308000E+00	+5.4244998E-01	+2.1680996E+01
+1.5357000E+00	+5.4019598E-01	+2.0773796E+01
+1.5406000E+00	+5.3797419E-01	+1.9870584E+01
+1.5455000E+00	+5.3578482E-01	+1.8971289E+01
+1.5504000E+00	+5.3362806E-01	+1.8075839E+01
+1.5553000E+00	+5.3150408E-01	+1.7184164E+01
+1.5602000E+00	+5.2941301E-01	+1.6296192E+01
+1.5651000E+00	+5.2735499E-01	+1.5411854E+01
+1.5700000E+00	+5.2533013E-01	+1.4531078E+01
+1.5749000E+00	+5.2333850E-01	+1.3653795E+01
+1.5798000E+00	+5.2138019E-01	+1.2779935E+01
+1.5847000E+00	+5.1945524E-01	+1.1909427E+01
+1.5896000E+00	+5.1756369E-01	+1.1042204E+01
+1.5945000E+00	+5.1570558E-01	+1.0178196E+01
+1.5994000E+00	+5.1388090E-01	+9.3173337E+00
+1.6043000E+00	+5.1208966E-01	+8.4595486E+00
+1.6092000E+00	+5.1033180E-01	+7.6047646E+00
+1.6141000E+00	+5.0860788E-01	+6.7530146E+00
+1.6190000E+00	+5.0691665E-01	+5.9040259E+00
+1.6239000E+00	+5.0525897E-01	+5.0578837E+00
+1.6288000E+00	+5.0363460E-01	+4.2144906E+00
+1.6337000E+00	+5.0204347E-01	+3.3737792E+00
+1.6386000E+00	+5.0048551E-01	+2.5356843E+00
+1.6435000E+00	+4.9896064E-01	+1.7001417E+00
+1.6484000E+00	+4.9746879E-01	+8.6708760E-01
+1.6533000E+00	+4.9600988E-01	+3.6458989E-02
+1.6582000E+00	+4.9458381E-01	-7.9180667E-01
+1.6631000E+00	+4.9319049E-01	-1.6177713E+00
+1.6680000E+00	+4.9182982E-01	-2.4414965E+00
+1.6729000E+00	+4.9050170E-01	-3.2630429E+00
+1.6778000E+00	+4.8920603E-01	-4.0824711E+00
+1.6827000E+00	+4.8794270E-01	-4.8998407E+00
+1.6876000E+00	+4.8671159E-01	-5.7152110E+00
+1.6925000E+00	+4.8551260E-01	-6.5286407E+00
+1.6974000E+00	+4.8434561E-01	-7.3401881E+00
+1.7023000E+00	+4.8321051E-01	-8.1499107E+00
+1.7072000E+00	+4.8210717E-01	-8.9578657E+00
+1.7121000E+00	+4.8103549E-01	-9.7641097E+00
+1.7170000E+00	+4.7999534E-01	-1.0568699E+01
+1.7219000E+00	+4.7898660E-01	-1.1371689E+01
+1.7268000E+00	+4.7800915E-01	-1.2173134E+01
+1.7317000E+00	+4.7706289E-01	-1.2973090E+01
+1.7366000E+00	+4.7614768E-01	-1.3771610E+01
+1.7415000E+00	+4.7526342E-01	-1.4568748E+01
+1.7464000E+00	+4.7440998E-01	-1.5364558E+01
+1.7513000E+00	+4.7358724E-01	-1.6159091E+01
+1.7562000E+00	+4.7279511E-01	-1.6952400E+01
+1.7611000E+00	+4.7203345E-01	-1.7744537E+01
+1.7660000E+00	+4.7130217E-01	-1.8535553E+01
+1.7709000E+00	+4.7060114E-01	-1.9325499E+01
+1.7758000E+00	+4.6993027E-01	-2.0114425E+01
+1.7807000E+00	+4.6928945E-01	-2.0902382E+01
+1.7856000E+00	+4.6867856E-01	-2.1689419E+01
+1.7905000E+00	+4.6809752E-01	-2.2475585E+01
+1.7954000E+00	+4.6754622E-01	-2.3260929E+01
+1.8003000E+00	+4.6702456E-01	-2.4045500E+01
+1.8052000E+00	+4.6653245E-01	-2.4829345E+01
+1.8101000E+00	+4.6606979E-01	-2.5612513E+01
+1.8150000E+00	+4.6563650E-01	-2.6395051E+01
+1.8199000E+00	+4.6523249E-01	-2.7177005E+01
+1.8248000E+00	+4.6485767E-01	-2.7958423E+01
+1.8297000E+00	+4.6451197E-01	-2.8739351E+01
+1.8346000E+00	+4.6419530E-01	-2.9519835E+01
+1.8395000E+00	+4.6390759E-01	-3.0299920E+01
+1.8444000E+00	+4.6364876E-01	-3.1079652E+01
+1.8493000E+00	+4.6341875E-01	-3.1859077E+01
+1.8542000E+00	+4.6321749E-01	-3.2638239E+01
+1.8591000E+00	+4.6304491E-01	-3.3417183E+01
+1.8640000E+00	+4.6290096E-01	-3.4195953E+01
+1.8689000E+00	+4.6278557E-01	-3.4974593E+01
+1.8738000E+00	+4.6269870E-01	-3.5753147E+01
+1.8787000E+00	+4.6264028E-01	-3.6531659E+01
+1.8836000E+00	+4.6261027E-01	-3.7310171E+01
+1.8885000E+00	+4.6260863E-01	-3.8088729E+01
+1.8934000E+00	+4.6263532E-01	-3.8867373E+01
+1.8983000E+00	+4.6269029E-01	-3.9646148E+01
+1.9032000E+00	+4.6277350E-01	-4.0425095E+01
+1.9081000E+00	+4.6288494E-01	-4.1204257E+01
+1.9130000E+00	+4.6302456E-01	-4.1983676E+01
+1.9179000E+00	+4.6319234E-01	-4.2763394E+01
+1.9228000E+00	+4.6338825E-01	-4.3543454E+01
+1.9277000E+00	+4.6361229E-01	-4.4323896E+01
+1.9326000E+00	+4.6386442E-01	-4.5104763E+01
+1.9375000E+00	+4.6414463E-01	-4.5886096E+01
+1.9424000E+00	+4.6445292E-01	-4.6667936E+01
+1.9473000E+00	+4.6478927E-01	-4.7450324E+01
+1.9522000E+00	+4.6515369E-01	-4.8233302E+01
+1.9571000E+00	+4.6554615E-01	-4.9016910E+01
+1.9620000E+00	+4.6596668E-01	-4.9801189E+01
+1.9669000E+00	+4.6641527E-01	-5.0586181E+01
+1.9718000E+00	+4.6689192E-01	-5.1371925E+01
+1.9767000E+00	+4.6739664E-01	-5.2158462E+01
+1.9816000E+00	+4.6792945E-01	-5.2945834E+01
+1.9865000E+00	+4.6849037E-01	-5.3734079E+01
+1.9914000E+00	+4.6907939E-01	-5.4523239E+01
+1.9963000E+00	+4.6969655E-01	-5.5313354E+01
+2.0012000E+00	+4.7034187E-01	-5.6104464E+01
+2.0061000E+00	+4.7101537E-01	-5.6896609E+01
+2.0110000E+00	+4.7171708E-01	-5.7689830E+01
+2.0159000E+00	+4.7244702E-01	-5.8484167E+01
+2.0208000E+00	+4.7320523E-01	-5.9279659E+01
+2.0257000E+00	+4.7399173E-01	-6.0076347E+01
+2.0306000E+00	+4.7480657E-01	-6.0874270E+01
+2.0355000E+00	+4.7564978E-01	-6.1673470E+01
+2.0404000E+00	+4.7652140E-01	-6.2473984E+01
+2.0453000E+00	+4.7742146E-01	-6.3275855E+01
+2.0502000E+00	+4.7835002E-01	-6.4079121E+01
+2.0551000E+00	+4.7930711E-01	-6.4883823E+01
+2.0600000E+00	+4.8029278E-01	-6.5690000E+01
+2.0649000E+00	+4.8130708E-01	-6.6497693E+01
+2.0698000E+00	+4.8235005E-01	-6.7306940E+01
+2.0747000E+00	+4.8342175E-01	-6.8117783E+01
+2.0796000E+00	+4.8452221E-01	-6.8930261E+01
+2.0845000E+00	+4.8565151E-01	-6.9744415E+01
+2.0894000E+00	+4.8680967E-01	-7.0560283E+01
+2.0943000E+00	+4.8799677E-01	-7.1377906E+01
+2.0992000E+00	+4.8921285E-01	-7.2197324E+01
+2.1041000E+00	+4.9045796E-01	-7.3018576E+01
+2.1090000E+00	+4.9173216E-01	-7.3841704E+01
+2.1139000E+00	+4.9303550E-01	-7.4666746E+01
+2.1188000E+00	+4.9436804E-01	-7.5493743E+01
+2.1237000E+00	+4.9572982E-01	-7.6322735E+01
+2.1286000E+00	+4.9712092E-01	-7.7153761E+01
+2.1335000E+00	+4.9854136E-01	-7.7986862E+01
+2.1384000E+00	+4.9999122E-01	-7.8822078E+01
+2.1433000E+00	+5.0147053E-01	-7.9659449E+01
+2.1482000E+00	+5.0297936E-01	-8.0499015E+01
+2.1531000E+00	+5.0451774E-01	-8.1340815E+01
+2.1580000E+00	+5.0608573E-01	-8.2184890E+01
+2.1629000E+00	+5.0768338E-01	-8.3031280E+01
+2.1678000E+00	+5.0931072E-01	-8.3880025E+01
+2.1727000E+00	+5.1096780E-01	-8.4731165E+01
+2.1776000E+00	+5.1265466E-01	-8.5584739E+01
+2.1825000E+00	+5.1437134E-01	-8.6440788E+01
+2.1874000E+00	+5.1611787E-01	-8.7299352E+01
+2.1923000E+00	+5.1789428E-01	-8.8160471E+01
+2.1972000E+00	+5.1970061E-01	-8.9024183E+01
+2.2021000E+00	+5.2153687E-01	-8.9890530E+01
+2.2070000E+00	+5.2340310E-01	-9.0759551E+01
+2.2119000E+00	+5.2529931E-01	-9.1631285E+01
+2.2168000E+00	+5.2722550E-01	-9.2505772E+01
+2.2217000E+00	+5.2918170E-01	-9.3383052E+01
+2.2266000E+00	+5.3116791E-01	-9.4263164E+01
+2.2315000E+00	+5.3318412E-01	-9.5146148E+01
+2.2364000E+00	+5.3523033E-01	-9.6032042E+01
+2.2413000E+00	+5.3730653E-01	-9.6920886E+01
+2.2462000E+00	+5.3941271E-01	-9.7812719E+01
+2.2511000E+00	+5.4154883E-01	-9.8707580E+01
+2.2560000E+00	+5.4371487E-01	-9.9605507E+01
+2.2609000E+00	+5.4591079E-01	-1.0050654E+02
+2.2658000E+00	+5.4813656E-01	-1.0141072E+02
+2.2707000E+00	+5.5039211E-01	-1.0231807E+02
+2.2756000E+00	+5.5267742E-01	-1.0322865E+02
+2.2805000E+00	+5.5499268E-01	-1.0414253E+02
+2.2854000E+00	+5.5733658E-01	-1.0505958E+02
+2.2903000E+00	+5.5971068E-01	-1.0598005E+02
+2.2952000E+00	+5.6211411E-01	-1.0690389E+02
+2.3001000E+00	+5.6454683E-01	-1.0783112E+02
+2.3050000E+00	+5.6700872E-01	-1.0876180E+02
+2.3099000E+00	+5.6949968E-01	-1.0969596E+02
+2.3148000E+00	+5.7201955E-01	-1.1063363E+02
+2.3197000E+00	+5.7456820E-01	-1.1157485E+02
+2.3246000E+00	+5.7714547E-01	-1.1251965E+02
+2.3295000E+00	+5.7975119E-01	-1.1346808E+02
+2.3344000E+00	+5.8238518E-01	-1.1442016E+02
+2.3393000E+00	+5.8504725E-01	-1.1537592E+02
+2.3442000E+00	+5.8773717E-01	-1.1633541E+02
+2.3491000E+00	+5.9045474E-01	-1.1729865E+02
+2.3540000E+00	+5.9319972E-01	-1.1826568E+02
+2.3589000E+00	+5.9597186E-01	-1.1923653E+02
+2.3638000E+00	+5.9877089E-01	-1.2021122E+02
+2.3687000E+00	+6.0159654E-01	-1.2118980E+02
+2.3736000E+00	+6.0444851E-01	-1.2217229E+02
+2.3785000E+00	+6.0732649E-01	-1.2315872E+02
+2.3834000E+00	+6.1023015E-01	-1.2414912E+02
+2.3883000E+00	+6.1315915E-01	-1.2514352E+02
+2.3932000E+00	+6.1611314E-01	-1.2614195E+02
+2.3981000E+00	+6.1909172E-01	-1.2714443E+02
+2.4030000E+00	+6.2209452E-01	-1.2815098E+02
+2.4079000E+00	+6.2512112E-01	-1.2916165E+02
+2.4128000E+00	+6.2817107E-01	-1.3017644E+02
+2.4177000E+00	+6.3124395E-01	-1.3119539E+02
+2.4226000E+00	+6.3433927E-01	-1.3221851E+02
+2.4275000E+00	+6.3745655E-01	-1.3324583E+02
+2.4324000E+00	+6.4059529E-01	-1.3427738E+02
+2.4373000E+00	+6.4375495E-01	-1.3531316E+02
+2.4422000E+00	+6.4693499E-01	-1.3635321E+02
+2.4471000E+00	+6.5013484E-01	-1.3739753E+02
+2.4520000E+00	+6.5335392E-01	-1.3844615E+02
+2.4569000E+00	+6.5659162E-01	-1.3949909E+02
+2.4618000E+00	+6.5984730E-01	-1.4055635E+02
+2.4667000E+00	+6.6312033E-01	-1.4161796E+02
+2.4716000E+00	+6.6641002E-01	-1.4268393E+02
+2.4765000E+00	+6.6971570E-01	-1.4375426E+02
+2.4814000E+00	+6.7303664E-01	-1.4482898E+02
+2.4863000E+00	+6.7637211E-01	-1.4590809E+02
+2.4912000E+00	+6.7972136E-01	-1.4699160E+02
+2.4961000E+00	+6.8308361E-01	-1.4807951E+02
+2.5010000E+00	+6.8645806E-01	-1.4917184E+02
+2.5059000E+00	+6.8984389E-01	-1.5026859E+02
+2.5108000E+00	+6.9324027E-01	-1.5136977E+02
+2.5157000E+00	+6.9664632E-01	-1.5247537E+02
+2.5206000E+00	+7.0006118E-01	-1.5358541E+02
+2.5255000E+00	+7.0348393E-01	-1.5469987E+02
+2.5304000E+00	+7.0691366E-01	-1.5581876E+02
+2.5353000E+00	+7.1034941E-01	-1.5694207E+02
+2.5402000E+00	+7.1379023E-01	-1.5806981E+02
+2.5451000E+00	+7.1723513E-01	-1.5920197E+02
+2.5500000E+00	+7.2068311E-01	-1.6033854E+02
+2.5549000E+00	+7.2413314E-01	-1.6147951E+02
+2.5598000E+00	+7.2758419E-01	-1.6262488E+02
+2.5647000E+00	+7.3103520E-01	-1.6377464E+02
+2.5696000E+00	+7.3448509E-01	-1.6492877E+02
+2.5745000E+00	+7.3793276E-01	-1.6608726E+02
+2.5794000E+00	+7.4137710E-01	-1.6725010E+02
+2.5843000E+00	+7.4481699E-01	-1.6841727E+02
+2.5892000E+00	+7.4825128E-01	-1.6958875E+02
+2.5941000E+00	+7.5167882E-01	-1.7076453E+02
+2.5990000E+00	+7.5509843E-01	-1.7194459E+02
+2.6039000E+00	+7.5850891E-01	-1.7312891E+02
+2.6088000E+00	+7.6190908E-01	-1.7431746E+02
+2.6137000E+00	+7.6529772E-01	-1.7551022E+02
+2.6186000E+00	+7.6867360E-01	-1.7670716E+02
+2.6235000E+00	+7.7203549E-01	-1.7790827E+02
+2.6284000E+00	+7.7538214E-01	-1.7911351E+02
+2.6333000E+00	+7.7871228E-01	+1.7967715E+02
+2.6382000E+00	+7.8202467E-01	+1.7846373E+02
+2.6431000E+00	+7.8531801E-01	+1.7724627E+02
+2.6480000E+00	+7.8859103E-01	+1.7602479E+02
+2.6529000E+00	+7.9184244E-01	+1.7479934E+02
+2.6578000E+00	+7.9507095E-01	+1.7356995E+02
+2.6627000E+00	+7.9827525E-01	+1.7233664E+02
+2.6676000E+00	+8.0145403E-01	+1.7109947E+02
+2.6725000E+00	+8.0460600E-01	+1.6985846E+02
+2.6774000E+00	+8.0772984E-01	+1.6861365E+02
+2.6823000E+00	+8.1082423E-01	+1.6736509E+02
+2.6872000E+00	+8.1388787E-01	+1.6611281E+02
+2.6921000E+00	+8.1691943E-01	+1.6485686E+02
+2.6970000E+00	+8.1991760E-01	+1.6359729E+02
+2.7019000E+00	+8.2288107E-01	+1.6233412E+02
+2.7068000E+00	+8.2580853E-01	+1.6106741E+02
+2.7117000E+00	+8.2869867E-01	+1.5979721E+02
+2.7166000E+00	+8.3155017E-01	+1.5852356E+02
+2.7215000E+00	+8.3436174E-01	+1.5724650E+02
+2.7264000E+00	+8.3713209E-01	+1.5596609E+02
+2.7313000E+00	+8.3985991E-01	+1.5468238E+02
+2.7362000E+00	+8.4254392E-01	+1.5339541E+02
+2.7411000E+00	+8.4518285E-01	+1.5210523E+02
+2.7460000E+00	+8.4777542E-01	+1.5081190E+02
+2.7509000E+00	+8.5032037E-01	+1.4951547E+02
+2.7558000E+00	+8.5281645E-01	+1.4821599E+02
+2.7607000E+00	+8.5526240E-01	+1.4691351E+02
+2.7656000E+00	+8.5765700E-01	+1.4560809E+02
+2.7705000E+00	+8.5999901E-01	+1.4429978E+02
+2.7754000E+00	+8.6228723E-01	+1.4298864E+02
+2.7803000E+00	+8.6452046E-01	+1.4167473E+02
+2.7852000E+00	+8.6669751E-01	+1.4035810E+02
+2.7901000E+00	+8.6881719E-01	+1.3903880E+02
+2.7950000E+00	+8.7087836E-01	+1.3771691E+02
+2.7999000E+00	+8.7287985E-01	+1.3639247E+02
+2.8048000E+00	+8.7482055E-01	+1.3506555E+02
+2.8097000E+00	+8.7669934E-01	+1.3373620E+02
+2.8146000E+00	+8.7851510E-01	+1.3240449E+02
+2.8195000E+00	+8.8026677E-01	+1.3107048E+02
+2.8244000E+00	+8.8195328E-01	+1.2973424E+02
+2.8293000E+00	+8.8357358E-01	+1.2839582E+02
+2.8342000E+00	+8.8512664E-01	+1.2705529E+02
+2.8391000E+00	+8.8661145E-01	+1.2571271E+02
+2.8440000E+00	+8.8802705E-01	+1.2436815E+02
+2.8489000E+00	+8.8937244E-01	+1.2302168E+02
+2.8538000E+00	+8.9064669E-01	+1.2167337E+02
+2.8587000E+00	+8.9184889E-01	+1.2032327E+02
+2.8636000E+00	+8.9297813E-01	+1.1897147E+02
+2.8685000E+00	+8.9403355E-01	+1.1761803E+02
+2.8734000E+00	+8.9501430E-01	+1.1626302E+02
+2.8783000E+00	+8.9591957E-01	+1.1490651E+02
+2.8832000E+00	+8.9674855E-01	+1.1354859E+02
+2.8881000E+00	+8.9750052E-01	+1.1218931E+02
+2.8930000E+00	+8.9817471E-01	+1.1082876E+02
+2.8979000E+00	+8.9877044E-01	+1.0946701E+02
+2.9028000E+00	+8.9928704E-01	+1.0810413E+02
+2.9077000E+00	+8.9972387E-01	+1.0674022E+02
+2.9126000E+00	+9.0008034E-01	+1.0537534E+02
+2.9175000E+00	+9.0035587E-01	+1.0400958E+02
+2.9224000E+00	+9.0054998E-01	+1.0264301E+02
+2.9273000E+00	+9.0066212E-01	+1.0127585E+02
+2.9322000E+00	+9.0069191E-01	+9.9907830E+01
+2.9371000E+00	+9.0063890E-01	+9.8539356E+01
+2.9420000E+00	+9.0050273E-01	+9.7170421E+01
+2.9469000E+00	+9.0028309E-01	+9.5801110E+01
+2.9518000E+00	+8.9997970E-01	+9.4431511E+01
+2.9567000E+00	+8.9959233E-01	+9.3061713E+01
+2.9616000E+00	+8.9912081E-01	+9.1691808E+01
+2.9665000E+00	+8.9856499E-01	+9.0321886E+01
+2.9714000E+00	+8.9792479E-01	+8.8952042E+01
+2.9763000E+00	+8.9720019E-01	+8.7582369E+01
+2.9812000E+00	+8.9639119E-01	+8.6212962E+01
+2.9861000E+00	+8.9549788E-01	+8.4843919E+01
+2.9910000E+00	+8.9452039E-01	+8.3475335E+01
+2.9959000E+00	+8.9345888E-01	+8.2107311E+01
+3.0008000E+00	+8.9231360E-01	+8.0739944E+01
+3.0057000E+00	+8.9108485E-01	+7.9373335E+01
+3.0106000E+00	+8.8977297E-01	+7.8007585E+01
+3.0155000E+00	+8.8837837E-01	+7.6642796E+01
+3.0204000E+00	+8.8690153E-01	+7.5279069E+01
+3.0253000E+00	+8.8534297E-01	+7.3916509E+01
+3.0302000E+00	+8.8370327E-01	+7.2555218E+01
+3.0351000E+00	+8.8198308E-01	+7.1195301E+01
+3.0400000E+00	+8.8018310E-01	+6.9836861E+01
+3.0449000E+00	+8.7830410E-01	+6.8480005E+01
+3.0498000E+00	+8.7634690E-01	+6.7124837E+01
+3.0547000E+00	+8.7431238E-01	+6.5771462E+01
+3.0596000E+00	+8.7220147E-01	+6.4419985E+01
+3.0645000E+00	+8.7001518E-01	+6.3070512E+01
+3.0694000E+00	+8.6775456E-01	+6.1723148E+01
+3.0743000E+00	+8.6542071E-01	+6.0377997E+01
+3.0792000E+00	+8.6301481E-01	+5.9035164E+01
+3.0841000E+00	+8.6053806E-01	+5.7694753E+01
+3.0890000E+00	+8.5799175E-01	+5.6356867E+01
+3.0939000E+00	+8.5537718E-01	+5.5021610E+01
+3.0988000E+00	+8.5269573E-01	+5.3689082E+01
+3.1037000E+00	+8.4994883E-01	+5.2359386E+01
+3.1086000E+00	+8.4713792E-01	+5.1032621E+01
+3.1135000E+00	+8.4426453E-01	+4.9708887E+01
+3.1184000E+00	+8.4133021E-01	+4.8388281E+01
+3.1233000E+00	+8.3833654E-01	+4.7070899E+01
+3.1282000E+00	+8.3528515E-01	+4.5756838E+01
+3.1331000E+00	+8.3217771E-01	+4.4446190E+01
+3.1380000E+00	+8.2901592E-01	+4.3139047E+01
+3.1429000E+00	+8.2580151E-01	+4.1835501E+01
+3.1478000E+00	+8.2253622E-01	+4.0535638E+01
+3.1527000E+00	+8.1922186E-01	+3.9239547E+01
+3.1576000E+00	+8.1586022E-01	+3.7947311E+01
+3.1625000E+00	+8.1245313E-01	+3.6659014E+01
+3.1674000E+00	+8.0900243E-01	+3.5374735E+01
+3.1723000E+00	+8.0550999E-01	+3.4094553E+01
+3.1772000E+00	+8.0197768E-01	+3.2818543E+01
+3.1821000E+00	+7.9840742E-01	+3.1546783E+01
+3.1870000E+00	+7.9480103E-01	+3.0279338E+01
+3.1919000E+00	+7.9116045E-01	+2.9016279E+01
+3.1968000E+00	+7.8748758E-01	+2.7757674E+01
+3.2017000E+00	+7.8378431E-01	+2.6503585E+01
+3.2066000E+00	+7.8005254E-01	+2.5254073E+01
+3.2115000E+00	+7.7629417E-01	+2.4009196E+01
+3.2164000E+00	+7.7251100E-01	+2.2769019E+01
+3.2213000E+00	+7.6870509E-01	+2.1533576E+01
+3.2262000E+00	+7.6487815E-01	+2.0302931E+01
+3.2311000E+00	+7.6103207E-01	+1.9077130E+01
+3.2360000E+00	+7.5716868E-01	+1.7856216E+01
+3.2409000E+00	+7.5328981E-01	+1.6640232E+01
+3.2458000E+00	+7.4939723E-01	+1.5429216E+01
+3.2507000E+00	+7.4549272E-01	+1.4223207E+01
+3.2556000E+00	+7.4157804E-01	+1.3022236E+01
+3.2605000E+00	+7.3765490E-01	+1.1826336E+01
+3.2654000E+00	+7.3372500E-01	+1.0635535E+01
+3.2703000E+00	+7.2979000E-01	+9.4498576E+00
+3.2752000E+00	+7.2585156E-01	+8.2693277E+00
+3.2801000E+00	+7.2191126E-01	+7.0939654E+00
+3.2850000E+00	+7.1797070E-01	+5.9237882E+00
+3.2899000E+00	+7.1403140E-01	+4.7588111E+00
+3.2948000E+00	+7.1009488E-01	+3.5990466E+00
+3.2997000E+00	+7.0616262E-01	+2.4445045E+00
+3.3046000E+00	+7.0223605E-01	+1.2951923E+00
+3.3095000E+00	+6.9831657E-01	+1.5111495E-01
+3.3144000E+00	+6.9440554E-01	-9.8772503E-01
+3.3193000E+00	+6.9050431E-01	-2.1213274E+00
+3.3242000E+00	+6.8661415E-01	-3.2496944E+00
+3.3291000E+00	+6.8273632E-01	-4.3728303E+00
+3.3340000E+00	+6.7887204E-01	-5.4907418E+00
+3.3389000E+00	+6.7502247E-01	-6.6034376E+00
+3.3438000E+00	+6.7118877E-01	-7.7109285E+00
+3.3487000E+00	+6.6737203E-01	-8.8132276E+00
+3.3536000E+00	+6.6357332E-01	-9.9103497E+00
+3.3585000E+00	+6.5979365E-01	-1.1002312E+01
+3.3634000E+00	+6.5603402E-01	-1.2089132E+01
+3.3683000E+00	+6.5229537E-01	-1.3170832E+01
+3.3732000E+00	+6.4857862E-01	-1.4247433E+01
+3.3781000E+00	+6.4488465E-01	-1.5318960E+01
+3.3830000E+00	+6.4121429E-01	-1.6385439E+01
+3.3879000E+00	+6.3756834E-01	-1.7446896E+01
+3.3928000E+00	+6.3394759E-01	-1.8503360E+01
+3.3977000E+00	+6.3035275E-01	-1.9554863E+01
+3.4026000E+00	+6.2678454E-01	-2.0601435E+01
+3.4075000E+00	+6.2324361E-01	-2.1643111E+01
+3.4124000E+00	+6.1973061E-01	-2.2679924E+01
+3.4173000E+00	+6.1624612E-01	-2.3711911E+01
+3.4222000E+00	+6.1279072E-01	-2.4739108E+01
+3.4271000E+00	+6.0936496E-01	-2.5761555E+01
+3.4320000E+00	+6.0596933E-01	-2.6779290E+01
+3.4369000E+00	+6.0260432E-01	-2.7792354E+01
+3.4418000E+00	+5.9927037E-01	-2.8800788E+01
+3.4467000E+00	+5.9596792E-01	-2.9804636E+01
+3.4516000E+00	+5.9269735E-01	-3.0803941E+01
+3.4565000E+00	+5.8945902E-01	-3.1798747E+01
+3.4614000E+00	+5.8625330E-01	-3.2789100E+01
+3.4663000E+00	+5.8308048E-01	-3.3775046E+01
+3.4712000E+00	+5.7994087E-01	-3.4756633E+01
+3.4761000E+00	+5.7683473E-01	-3.5733907E+01
+3.4810000E+00	+5.7376230E-01	-3.6706919E+01
+3.4859000E+00	+5.7072382E-01	-3.7675717E+01
+3.4908000E+00	+5.6771948E-01	-3.8640351E+01
+3.4957000E+00	+5.6474947E-01	-3.9600873E+01
+3.5006000E+00	+5.6181393E-01	-4.0557334E+01
+3.5055000E+00	+5.5891311E-01	-4.1509779E+01
+3.5104000E+00	+5.5604692E-01	-4.2458275E+01
+3.5153000E+00	+5.5321562E-01	-4.3402865E+01
+3.5202000E+00	+5.5041927E-01	-4.4343606E+01
+3.5251000E+00	+5.4765792E-01	-4.5280551E+01
+3.5300000E+00	+5.4493163E-01	-4.6213756E+01
+3.5349000E+00	+5.4224044E-01	-4.7143275E+01
+3.5398000E+00	+5.3958436E-01	-4.8069166E+01
+3.5447000E+00	+5.3696341E-01	-4.8991484E+01
+3.5496000E+00	+5.3437756E-01	-4.9910287E+01
+3.5545000E+00	+5.3182681E-01	-5.0825632E+01
+3.5594000E+00	+5.2931109E-01	-5.1737577E+01
+3.5643000E+00	+5.2683038E-01	-5.2646181E+01
+3.5692000E+00	+5.2438459E-01	-5.3551502E+01
+3.5741000E+00	+5.2197366E-01	-5.4453601E+01
+3.5790000E+00	+5.1959748E-01	-5.5352538E+01
+3.5839000E+00	+5.1725595E-01	-5.6248375E+01
+3.5888000E+00	+5.1494899E-01	-5.7141166E+01
+3.5937000E+00	+5.1267641E-01	-5.8030983E+01
+3.5986000E+00	+5.1043811E-01	-5.8917884E+01
+3.6035000E+00	+5.0823391E-01	-5.9801933E+01
+3.6084000E+00	+5.0606366E-01	-6.0683193E+01
+3.6133000E+00	+5.0392717E-01	-6.1561730E+01
+3.6182000E+00	+5.0182426E-01	-6.2437608E+01
+3.6231000E+00	+4.9975471E-01	-6.3310895E+01
+3.6280000E+00	+4.9771831E-01	-6.4181657E+01
+3.6329000E+00	+4.9571483E-01	-6.5049964E+01
+3.6378000E+00	+4.9374402E-01	-6.5915883E+01
+3.6427000E+00	+4.9180561E-01	-6.6779486E+01
+3.6476000E+00	+4.8989932E-01	-6.7640844E+01
+3.6525000E+00	+4.8802487E-01	-6.8500030E+01
+3.6574000E+00	+4.8618194E-01	-6.9357118E+01
+3.6623000E+00	+4.8437019E-01	-7.0212184E+01
+3.6672000E+00	+4.8258929E-01	-7.1065305E+01
+3.6721000E+00	+4.8083885E-01	-7.1916561E+01
+3.6770000E+00	+4.7911847E-01	-7.2766033E+01
+3.6819000E+00	+4.7742774E-01	-7.3613804E+01
+3.6868000E+00	+4.7576622E-01	-7.4459960E+01
+3.6917000E+00	+4.7413340E-01	-7.5304586E+01
+3.6966000E+00	+4.7252880E-01	-7.6147779E+01
+3.7015000E+00	+4.7095186E-01	-7.6989629E+01
+3.7064000E+00	+4.6940200E-01	-7.7830234E+01
+3.7113000E+00	+4.6787858E-01	-7.8669695E+01
+3.7162000E+00	+4.6638092E-01	-7.9508117E+01
+3.7211000E+00	+4.6490830E-01	-8.0345610E+01
+3.7260000E+00	+4.6345992E-01	-8.1182289E+01
+3.7309000E+00	+4.6203492E-01	-8.2018274E+01
+3.7358000E+00	+4.6063238E-01	-8.2853691E+01
+3.7407000E+00	+4.5925126E-01	-8.3688674E+01
+3.7456000E+00	+4.5789047E-01	-8.4523363E+01
+3.7505000E+00	+4.5654878E-01	-8.5357910E+01
+3.7554000E+00	+4.5522486E-01	-8.6192472E+01
+3.7603000E+00	+4.5391723E-01	-8.7027221E+01
+3.7652000E+00	+4.5262426E-01	-8.7862340E+01
+3.7701000E+00	+4.5134416E-01	-8.8698025E+01
+3.7750000E+00	+4.5007491E-01	-8.9534489E+01
+3.7799000E+00	+4.4881427E-01	-9.0371964E+01
+3.7848000E+00	+4.4755974E-01	-9.1210702E+01
+3.7897000E+00	+4.4630850E-01	-9.2050979E+01
+3.7946000E+00	+4.4505737E-01	-9.2893098E+01
+3.7995000E+00	+4.4380277E-01	-9.3737397E+01
+3.8044000E+00	+4.4254060E-01	-9.4584248E+01
+3.8093000E+00	+4.4126621E-01	-9.5434069E+01
+3.8142000E+00	+4.3997425E-01	-9.6287331E+01
+3.8191000E+00	+4.3865856E-01	-9.7144563E+01
+3.8240000E+00	+4.3731196E-01	-9.8006363E+01
+3.8289000E+00	+4.3592630E-01	-9.8873443E+01
+3.8338000E+00	+4.3449171E-01	-9.9746579E+01
+3.8387000E+00	+4.3299679E-01	-1.0062671E+02
+3.8436000E+00	+4.3142796E-01	-1.0151490E+02
+3.8485000E+00	+4.2976895E-01	-1.0241246E+02
+3.8534000E+00	+4.2800022E-01	-1.0332089E+02
+3.8583000E+00	+4.2609797E-01	-1.0424203E+02
+3.8632000E+00	+4.2403269E-01	-1.0517827E+02
+3.8681000E+00	+4.2176928E-01	-1.0613177E+02
+3.8730000E+00	+4.1926102E-01	-1.0710657E+02
+3.8779000E+00	+4.1645055E-01	-1.0810673E+02
+3.8828000E+00	+4.1326313E-01	-1.0913774E+02
+3.8877000E+00	+4.0960052E-01	-1.1020679E+02
+3.8926000E+00	+4.0533110E-01	-1.1132340E+02
+3.8975000E+00	+4.0027436E-01	-1.1250056E+02
+3.9024000E+00	+3.9417610E-01	-1.1375639E+02
+3.9073000E+00	+3.8666684E-01	-1.1511703E+02
+3.9122000E+00	+3.7718872E-01	-1.1662153E+02
+3.9171000E+00	+3.6485924E-01	-1.1833107E+02
+3.9220000E+00	+3.4819824E-01	-1.2034697E+02
+3.9269000E+00	+3.2452940E-01	-1.2284979E+02
+3.9318000E+00	+2.8850532E-01	-1.2619402E+02
+3.9367000E+00	+2.2786779E-01	-1.3117546E+02
+3.9416000E+00	+1.0855480E-01	-1.3996111E+02
+3.9465000E+00	+1.8638662E-01	+1.9828138E+01
+3.9514000E+00	+7.8656397E-01	-3.2404626E+01
+3.9563000E+00	+8.3254146E-01	-7.8119437E+01
+3.9612000E+00	+7.2284665E-01	-9.5064875E+01
+3.9661000E+00	+6.5751824E-01	-1.0286004E+02
+3.9710000E+00	+6.1843255E-01	-1.0745305E+02
+3.9759000E+00	+5.9315422E-01	-1.1061563E+02
+3.9808000E+00	+5.7576192E-01	-1.1302564E+02
+3.9857000E+00	+5.6324927E-01	-1.1499367E+02
+3.9906000E+00	+5.5395794E-01	-1.1668115E+02
+3.9955000E+00	+5.4690629E-01	-1.1818003E+02
+4.0004000E+00	+5.4147838E-01	-1.1954651E+02
+4.0053000E+00	+5.3726978E-01	-1.2081680E+02
+4.0102000E+00	+5.3400403E-01	-1.2201534E+02
+4.0151000E+00	+5.3148685E-01	-1.2315916E+02
+4.0200000E+00	+5.2957634E-01	-1.2426063E+02
+4.0249000E+00	+5.2816836E-01	-1.2532884E+02
+4.0298000E+00	+5.2718337E-01	-1.2637059E+02
+4.0347000E+00	+5.2656160E-01	-1.2739141E+02
+4.0396000E+00	+5.2625508E-01	-1.2839537E+02
+4.0445000E+00	+5.2622649E-01	-1.2938585E+02
+4.0494000E+00	+5.2644653E-01	-1.3036557E+02
+4.0543000E+00	+5.2689065E-01	-1.3133683E+02
+4.0592000E+00	+5.2753972E-01	-1.3230148E+02
+4.0641000E+00	+5.2837789E-01	-1.3326114E+02
+4.0690000E+00	+5.2939219E-01	-1.3421717E+02
+4.0739000E+00	+5.3057198E-01	-1.3517078E+02
+4.0788000E+00	+5.3190848E-01	-1.3612302E+02
+4.0837000E+00	+5.3339448E-01	-1.3707481E+02
+4.0886000E+00	+5.3502407E-01	-1.3802702E+02
+4.0935000E+00	+5.3679241E-01	-1.3898039E+02
+4.0984000E+00	+5.3869556E-01	-1.3993566E+02
+4.1033000E+00	+5.4073038E-01	-1.4089347E+02
+4.1082000E+00	+5.4289437E-01	-1.4185444E+02
+4.1131000E+00	+5.4518568E-01	-1.4281916E+02
+4.1180000E+00	+5.4760276E-01	-1.4378823E+02
+4.1229000E+00	+5.5014475E-01	-1.4476217E+02
+4.1278000E+00	+5.5281102E-01	-1.4574153E+02
+4.1327000E+00	+5.5560131E-01	-1.4672682E+02
+4.1376000E+00	+5.5851602E-01	-1.4771864E+02
+4.1425000E+00	+5.6155413E-01	-1.4871728E+02
+4.1474000E+00	+5.6471770E-01	-1.4972352E+02
+4.1523000E+00	+5.6800686E-01	-1.5073779E+02
+4.1572000E+00	+5.7142255E-01	-1.5176062E+02
+4.1621000E+00	+5.7496585E-01	-1.5279256E+02
+4.1670000E+00	+5.7863798E-01	-1.5383415E+02
+4.1719000E+00	+5.8244030E-01	-1.5488597E+02
+4.1768000E+00	+5.8637424E-01	-1.5594860E+02
+4.1817000E+00	+5.9044133E-01	-1.5702264E+02
+4.1866000E+00	+5.9464312E-01	-1.5810871E+02
+4.1915000E+00	+5.9898124E-01	-1.5920744E+02
+4.1964000E+00	+6.0345731E-01	-1.6031951E+02
+4.2013000E+00	+6.0807293E-01	-1.6144561E+02
+4.2062000E+00	+6.1282966E-01	-1.6258645E+02
+4.2111000E+00	+6.1772901E-01	-1.6374279E+02
+4.2160000E+00	+6.2277240E-01	-1.6491539E+02
+4.2209000E+00	+6.2796061E-01	-1.6610505E+02
+4.2258000E+00	+6.3329545E-01	-1.6731267E+02
+4.2307000E+00	+6.3877723E-01	-1.6853909E+02
+4.2356000E+00	+6.4440651E-01	-1.6978525E+02
+4.2405000E+00	+6.5018343E-01	-1.7105210E+02
+4.2454000E+00	+6.5610768E-01	-1.7234066E+02
+4.2503000E+00	+6.6217843E-01	-1.7365197E+02
+4.2552000E+00	+6.6839425E-01	-1.7498713E+02
+4.2601000E+00	+6.7475301E-01	-1.7634728E+02
+4.2650000E+00	+6.8125173E-01	-1.7773361E+02
+4.2699000E+00	+6.8788651E-01	-1.7914736E+02
+4.2748000E+00	+6.9465233E-01	+1.7941019E+02
+4.2797000E+00	+7.0154293E-01	+1.7793769E+02
+4.2846000E+00	+7.0855060E-01	+1.7643377E+02
+4.2895000E+00	+7.1566599E-01	+1.7489700E+02
+4.2944000E+00	+7.2287778E-01	+1.7332589E+02
+4.2993000E+00	+7.3017450E-01	+1.7171915E+02
+4.3042000E+00	+7.3753708E-01	+1.7007478E+02
+4.3091000E+00	+7.4494988E-01	+1.6839154E+02
+4.3140000E+00	+7.5239137E-01	+1.6666777E+02
+4.3189000E+00	+7.5983732E-01	+1.6490187E+02
+4.3238000E+00	+7.6726006E-01	+1.6309224E+02
+4.3287000E+00	+7.7462813E-01	+1.6123730E+02
+4.3336000E+00	+7.8190599E-01	+1.5933551E+02
+4.3385000E+00	+7.8905375E-01	+1.5738539E+02
+4.3434000E+00	+7.9602689E-01	+1.5538554E+02
+4.3483000E+00	+8.0277630E-01	+1.5333469E+02
+4.3532000E+00	+8.0924742E-01	+1.5123165E+02
+4.3581000E+00	+8.1538128E-01	+1.4907547E+02
+4.3630000E+00	+8.2111379E-01	+1.4686539E+02
+4.3679000E+00	+8.2637626E-01	+1.4460092E+02
+4.3728000E+00	+8.3109579E-01	+1.4228185E+02
+4.3777000E+00	+8.3519584E-01	+1.3990832E+02
+4.3826000E+00	+8.3859714E-01	+1.3748085E+02
+4.3875000E+00	+8.4121895E-01	+1.3500036E+02
+4.3924000E+00	+8.4297906E-01	+1.3246844E+02
+4.3973000E+00	+8.4379839E-01	+1.2988679E+02
+4.4022000E+00	+8.4359937E-01	+1.2725795E+02
+4.4071000E+00	+8.4230981E-01	+1.2458490E+02
+4.4120000E+00	+8.3986448E-01	+1.2187114E+02
+4.4169000E+00	+8.3620723E-01	+1.1912072E+02
+4.4218000E+00	+8.3129278E-01	+1.1633819E+02
+4.4267000E+00	+8.2508896E-01	+1.1352849E+02
+4.4316000E+00	+8.1757764E-01	+1.1069702E+02
+4.4365000E+00	+8.0875615E-01	+1.0784944E+02
+4.4414000E+00	+7.9863762E-01	+1.0499162E+02
+4.4463000E+00	+7.8725438E-01	+1.0212996E+02
+4.4512000E+00	+7.7464463E-01	+9.9269610E+01
+4.4561000E+00	+7.6087162E-01	+9.6417406E+01
+4.4610000E+00	+7.4600857E-01	+9.3578577E+01
+4.4659000E+00	+7.3013675E-01	+9.0758835E+01
+4.4708000E+00	+7.1334798E-01	+8.7963253E+01
+4.4757000E+00	+6.9574001E-01	+8.5196510E+01
+4.4806000E+00	+6.7741434E-01	+8.2462806E+01
+4.4855000E+00	+6.5847375E-01	+7.9765817E+01
+4.4904000E+00	+6.3902018E-01	+7.7108681E+01
+4.4953000E+00	+6.1915271E-01	+7.4493989E+01
+4.5002000E+00	+5.9896591E-01	+7.1923792E+01
+4.5051000E+00	+5.7854854E-01	+6.9399624E+01
+4.5100000E+00	+5.5798255E-01	+6.6922532E+01
+4.5149000E+00	+5.3734239E-01	+6.4493105E+01
+4.5198000E+00	+5.1669468E-01	+6.2111523E+01
+4.5247000E+00	+4.9609803E-01	+5.9777593E+01
+4.5296000E+00	+4.7560314E-01	+5.7490798E+01
+4.5345000E+00	+4.5525308E-01	+5.5250336E+01
+4.5394000E+00	+4.3508366E-01	+5.3055163E+01
+4.5443000E+00	+4.1512387E-01	+5.0904034E+01
+4.5492000E+00	+3.9539645E-01	+4.8795534E+01
+4.5541000E+00	+3.7591842E-01	+4.6728113E+01
+4.5590000E+00	+3.5670164E-01	+4.4700117E+01
+4.5639000E+00	+3.3775333E-01	+4.2709806E+01
+4.5688000E+00	+3.1907643E-01	+4.0755359E+01
+4.5737000E+00	+3.0067189E-01	+3.8835077E+01
+4.5786000E+00	+2.8253426E-01	+3.6946895E+01
+4.5835000E+00	+2.6465829E-01	+3.5089048E+01
+4.5884000E+00	+2.4703533E-01	+3.3259645E+01
+4.5933000E+00	+2.2965479E-01	+3.1456814E+01
+4.5982000E+00	+2.1250442E-01	+2.9678698E+01
+4.6031000E+00	+1.9557047E-01	+2.7923453E+01
+4.6080000E+00	+1.7883800E-01	+2.6189256E+01
+4.6129000E+00	+1.6229100E-01	+2.4474307E+01
+4.6178000E+00	+1.4591259E-01	+2.2776826E+01
+4.6227000E+00	+1.2968512E-01	+2.1095056E+01
+4.6276000E+00	+1.1359029E-01	+1.9427259E+01
+4.6325000E+00	+9.7609256E-02	+1.7771718E+01
+4.6374000E+00	+8.1722664E-02	+1.6126730E+01
+4.6423000E+00	+6.5910725E-02	+1.4490608E+01
+4.6472000E+00	+5.0153250E-02	+1.2861673E+01
+4.6521000E+00	+3.4429668E-02	+1.1238254E+01
+4.6570000E+00	+1.8719042E-02	+9.6186791E+00
+4.6619000E+00	+2.9998379E-03	+8.0012268E+00
+4.6668000E+00	+1.2748476E-02	-1.7361558E+02
+4.6717000E+00	+2.8549244E-02	-1.7523367E+02
+4.6766000E+00	+4.4424195E-02	-1.7685465E+02
+4.6815000E+00	+6.0396065E-02	-1.7848025E+02
+4.6864000E+00	+7.6487939E-02	+1.7988778E+02
+4.6913000E+00	+9.2723278E-02	+1.7824765E+02
+4.6962000E+00	+1.0912591E-01	+1.7659752E+02
+4.7011000E+00	+1.2571985E-01	+1.7493549E+02
+4.7060000E+00	+1.4253216E-01	+1.7326003E+02
+4.7109000E+00	+1.5958319E-01	+1.7156840E+02
+4.7158000E+00	+1.7690152E-01	+1.6985909E+02
+4.7207000E+00	+1.9451218E-01	+1.6812987E+02
+4.7256000E+00	+2.1244098E-01	+1.6637857E+02
+4.7305000E+00	+2.3071393E-01	+1.6460289E+02
+4.7354000E+00	+2.4935701E-01	+1.6280048E+02
+4.7403000E+00	+2.6839606E-01	+1.6096889E+02
+4.7452000E+00	+2.8785655E-01	+1.5910557E+02
+4.7501000E+00	+3.0776328E-01	+1.5720784E+02
+4.7550000E+00	+3.2814013E-01	+1.5527296E+02
+4.7599000E+00	+3.4900608E-01	+1.5329827E+02
+4.7648000E+00	+3.7039069E-01	+1.5128026E+02
+4.7697000E+00	+3.9230456E-01	+1.4921623E+02
+4.7746000E+00	+4.1476367E-01	+1.4710301E+02
+4.7795000E+00	+4.3777910E-01	+1.4493730E+02
+4.7844000E+00	+4.6135637E-01	+1.4271576E+02
+4.7893000E+00	+4.8549464E-01	+1.4043503E+02
+4.7942000E+00	+5.1018539E-01	+1.3809172E+02
+4.7991000E+00	+5.3541091E-01	+1.3568246E+02
+4.8040000E+00	+5.6114263E-01	+1.3320397E+02
+4.8089000E+00	+5.8733929E-01	+1.3065308E+02
+4.8138000E+00	+6.1394506E-01	+1.2802681E+02
+4.8187000E+00	+6.4088762E-01	+1.2532249E+02
+4.8236000E+00	+6.6807907E-01	+1.2253738E+02
+4.8285000E+00	+6.9539986E-01	+1.1967097E+02
+4.8334000E+00	+7.2272706E-01	+1.1672070E+02
+4.8383000E+00	+7.4990346E-01	+1.1368656E+02
+4.8432000E+00	+7.7675311E-01	+1.1056891E+02
+4.8481000E+00	+8.0307911E-01	+1.0736911E+02
+4.8530000E+00	+8.2866601E-01	+1.0408961E+02
+4.8579000E+00	+8.5328342E-01	+1.0073402E+02
+4.8628000E+00	+8.7669112E-01	+9.7307224E+01
+4.8677000E+00	+8.9864554E-01	+9.3815328E+01
+4.8726000E+00	+9.1890743E-01	+9.0265656E+01
+4.8775000E+00	+9.3725019E-01	+8.6666640E+01
+4.8824000E+00	+9.5346853E-01	+8.3027662E+01
+4.8873000E+00	+9.6738663E-01	+7.9358838E+01
+4.8922000E+00	+9.7886520E-01	+7.5670748E+01
+4.8971000E+00	+9.8780671E-01	+7.1974139E+01
+4.9020000E+00	+9.9415845E-01	+6.8279605E+01
+4.9069000E+00	+9.9791303E-01	+6.4597270E+01
+4.9118000E+00	+9.9910633E-01	+6.0936493E+01
+4.9167000E+00	+9.9781322E-01	+5.7305612E+01
+4.9216000E+00	+9.9414145E-01	+5.3711734E+01
+4.9265000E+00	+9.8822427E-01	+5.0160584E+01
+4.9314000E+00	+9.8021238E-01	+4.6656399E+01
+4.9363000E+00	+9.7026593E-01	+4.3201889E+01
+4.9412000E+00	+9.5854677E-01	+3.9798218E+01
+4.9461000E+00	+9.4521136E-01	+3.6444993E+01
+4.9510000E+00	+9.3043694E-01	+3.3149396E+01
+4.9559000E+00	+9.1426028E-01	+2.9882124E+01
+4.9608000E+00	+8.9687961E-01	+2.6664013E+01
+4.9657000E+00	+8.7834997E-01	+2.3480888E+01
+4.9706000E+00	+8.5872769E-01	+2.0325423E+01
+4.9755000E+00	+8.3803856E-01	+1.7188805E+01
+4.9804000E+00	+8.1627452E-01	+1.4060797E+01
+4.9853000E+00	+7.9338961E-01	+1.0929451E+01
+4.9902000E+00	+7.6929506E-01	+7.7808765E+00
+4.9951000E+00	+7.4385262E-01	+4.5988848E+00
+5.0000000E+00	+7.1686568E-01	+1.3644600E+00
