+1.0000000E-01	+1.0649979E+02	-9.0000000E+01
+1.0490000E-01	+1.0065152E+02	-9.0000000E+01
+1.0980000E-01	+9.5284262E+01	-9.0000000E+01
+1.1470000E-01	+9.0336197E+01	-9.0000000E+01
+1.1960000E-01	+8.5755637E+01	-9.0000000E+01
+1.2450000E-01	+8.1499025E+01	-9.0000000E+01
+1.2940000E-01	+7.7529393E+01	-9.0000000E+01
+1.3430000E-01	+7.3815166E+01	-9.0000000E+01
+1.3920000E-01	+7.0329203E+01	-9.0000000E+01
+1.4410000E-01	+6.7048053E+01	-9.0000000E+01
+1.4900000E-01	+6.3951341E+01	-9.0000000E+01
+1.5390000E-01	+6.1021281E+01	-9.0000000E+01
+1.5880000E-01	+5.8242275E+01	-9.0000000E+01
+1.6370000E-01	+5.5600588E+01	-9.0000000E+01
+1.6860000E-01	+5.3084073E+01	-9.0000000E+01
+1.7350000E-01	+5.0681952E+01	-9.0000000E+01
+1.7840000E-01	+4.8384621E+01	-9.0000000E+01
+1.8330000E-01	+4.6183501E+01	-9.0000000E+01
+1.8820000E-01	+4.4070896E+01	-9.0000000E+01
+1.9310000E-01	+4.2039887E+01	-9.0000000E+01
+1.9800000E-01	+4.0084235E+01	-9.0000000E+01
+2.0290000E-01	+3.8198295E+01	-9.0000000E+01
+2.0780000E-01	+3.6376948E+01	-9.0000000E+01
+2.1270000E-01	+3.4615543E+01	-9.0000000E+01
+2.1760000E-01	+3.2909840E+01	-9.0000000E+01
+2.2250000E-01	+3.1255965E+01	-9.0000000E+01
+2.2740000E-01	+2.9650375E+01	-9.0000000E+01
+2.3230000E-01	+2.8089816E+01	-9.0000000E+01
+2.3720000E-01	+2.6571298E+01	-9.0000000E+01
+2.4210000E-01	+2.5092067E+01	-9.0000000E+01
+2.4700000E-01	+2.3649580E+01	-9.0000000E+01
+2.5190000E-01	+2.2241486E+01	-9.0000000E+01
+2.5680000E-01	+2.0865608E+01	-9.0000000E+01
+2.6170000E-01	+1.9519923E+01	-9.0000000E+01
+2.6660000E-01	+1.8202551E+01	-9.0000000E+01
+2.7150000E-01	+1.6911741E+01	-9.0000000E+01
+2.7640000E-01	+1.5645860E+01	-9.0000000E+01
+2.8130000E-01	+1.4403380E+01	-9.0000000E+01
+2.8620000E-01	+1.3182872E+01	-9.0000000E+01
+2.9110000E-01	+1.1982996E+01	-9.0000000E+01
+2.9600000E-01	+1.0802492E+01	-9.0000000E+01
+3.0090000E-01	+9.6401770E+00	-9.0000000E+01
+3.0580000E-01	+8.4949344E+00	-9.0000000E+01
+3.1070000E-01	+7.3657110E+00	-9.0000000E+01
+3.1560000E-01	+6.2515114E+00	-9.0000000E+01
+3.2050000E-01	+5.1513930E+00	-9.0000000E+01
+3.2540000E-01	+4.0644618E+00	-9.0000000E+01
+3.3030000E-01	+2.9898689E+00	-9.0000000E+01
+3.3520000E-01	+1.9268065E+00	-9.0000000E+01
+3.4010000E-01	+8.7450474E-01	-9.0000000E+01
+3.4500000E-01	+1.6777105E-01	+9.0000000E+01
+3.4990000E-01	+1.2007234E+00	+9.0000000E+01
+3.5480000E-01	+2.2250252E+00	+9.0000000E+01
+3.5970000E-01	+3.2413218E+00	+9.0000000E+01
+3.6460000E-01	+4.2502335E+00	+9.0000000E+01
+3.6950000E-01	+5.2523576E+00	+9.0000000E+01
+3.7440000E-01	+6.2482698E+00	+9.0000000E+01
+3.7930000E-01	+7.2385266E+00	+9.0000000E+01
+3.8420000E-01	+8.2236665E+00	+9.0000000E+01
+3.8910000E-01	+9.2042115E+00	+9.0000000E+01
+3.9400000E-01	+1.0180669E+01	+9.0000000E+01
+3.9890000E-01	+1.1153532E+01	+9.0000000E+01
+4.0380000E-01	+1.2123283E+01	+9.0000000E+01
+4.0870000E-01	+1.3090392E+01	+9.0000000E+01
+4.1360000E-01	+1.4055318E+01	+9.0000000E+01
+4.1850000E-01	+1.5018515E+01	+9.0000000E+01
+4.2340000E-01	+1.5980424E+01	+9.0000000E+01
+4.2830000E-01	+1.6941484E+01	+9.0000000E+01
+4.3320000E-01	+1.7902125E+01	+9.0000000E+01
+4.3810000E-01	+1.8862772E+01	+9.0000000E+01
+4.4300000E-01	+1.9823850E+01	+9.0000000E+01
+4.4790000E-01	+2.0785775E+01	+9.0000000E+01
+4.5280000E-01	+2.1748965E+01	+9.0000000E+01
+4.5770000E-01	+2.2713835E+01	+9.0000000E+01
+4.6260000E-01	+2.3680798E+01	+9.0000000E+01
+4.6750000E-01	+2.4650270E+01	+9.0000000E+01
+4.7240000E-01	+2.5622666E+01	+9.0000000E+01
+4.7730000E-01	+2.6598402E+01	+9.0000000E+01
+4.8220000E-01	+2.7577899E+01	+9.0000000E+01
+4.8710000E-01	+2.8561579E+01	+9.0000000E+01
+4.9200000E-01	+2.9549869E+01	+9.0000000E+01
+4.9690000E-01	+3.0543201E+01	+9.0000000E+01
+5.0180000E-01	+3.1542013E+01	+9.0000000E+01
+5.0670000E-01	+3.2546749E+01	+9.0000000E+01
+5.1160000E-01	+3.3557859E+01	+9.0000000E+01
+5.1650000E-01	+3.4575805E+01	+9.0000000E+01
+5.2140000E-01	+3.5601056E+01	+9.0000000E+01
+5.2630000E-01	+3.6634089E+01	+9.0000000E+01
+5.3120000E-01	+3.7675397E+01	+9.0000000E+01
+5.3610000E-01	+3.8725482E+01	+9.0000000E+01
+5.4100000E-01	+3.9784859E+01	+9.0000000E+01
+5.4590000E-01	+4.0854059E+01	+9.0000000E+01
+5.5080000E-01	+4.1933628E+01	+9.0000000E+01
+5.5570000E-01	+4.3024127E+01	+9.0000000E+01
+5.6060000E-01	+4.4126136E+01	+9.0000000E+01
+5.6550000E-01	+4.5240257E+01	+9.0000000E+01
+5.7040000E-01	+4.6367109E+01	+9.0000000E+01
+5.7530000E-01	+4.7507334E+01	+9.0000000E+01
+5.8020000E-01	+4.8661600E+01	+9.0000000E+01
+5.8510000E-01	+4.9830599E+01	+9.0000000E+01
+5.9000000E-01	+5.1015049E+01	+9.0000000E+01
+5.9490000E-01	+5.2215702E+01	+9.0000000E+01
+5.9980000E-01	+5.3433336E+01	+9.0000000E+01
+6.0470000E-01	+5.4668767E+01	+9.0000000E+01
+6.0960000E-01	+5.5922844E+01	+9.0000000E+01
+6.1450000E-01	+5.7196457E+01	+9.0000000E+01
+6.1940000E-01	+5.8490536E+01	+9.0000000E+01
+6.2430000E-01	+5.9806055E+01	+9.0000000E+01
+6.2920000E-01	+6.1144037E+01	+9.0000000E+01
+6.3410000E-01	+6.2505556E+01	+9.0000000E+01
+6.3900000E-01	+6.3891739E+01	+9.0000000E+01
+6.4390000E-01	+6.5303773E+01	+9.0000000E+01
+6.4880000E-01	+6.6742908E+01	+9.0000000E+01
+6.5370000E-01	+6.8210462E+01	+9.0000000E+01
+6.5860000E-01	+6.9707826E+01	+9.0000000E+01
+6.6350000E-01	+7.1236470E+01	+9.0000000E+01
+6.6840000E-01	+7.2797948E+01	+9.0000000E+01
+6.7330000E-01	+7.4393905E+01	+9.0000000E+01
+6.7820000E-01	+7.6026088E+01	+9.0000000E+01
+6.8310000E-01	+7.7696346E+01	+9.0000000E+01
+6.8800000E-01	+7.9406647E+01	+9.0000000E+01
+6.9290000E-01	+8.1159084E+01	+9.0000000E+01
+6.9780000E-01	+8.2955883E+01	+9.0000000E+01
+7.0270000E-01	+8.4799420E+01	+9.0000000E+01
+7.0760000E-01	+8.6692230E+01	+9.0000000E+01
+7.1250000E-01	+8.8637023E+01	+9.0000000E+01
+7.1740000E-01	+9.0636698E+01	+9.0000000E+01
+7.2230000E-01	+9.2694364E+01	+9.0000000E+01
+7.2720000E-01	+9.4813353E+01	+9.0000000E+01
+7.3210000E-01	+9.6997249E+01	+9.0000000E+01
+7.3700000E-01	+9.9249906E+01	+9.0000000E+01
+7.4190000E-01	+1.0157548E+02	+9.0000000E+01
+7.4680000E-01	+1.0397845E+02	+9.0000000E+01
+7.5170000E-01	+1.0646367E+02	+9.0000000E+01
+7.5660000E-01	+1.0903638E+02	+9.0000000E+01
+7.6150000E-01	+1.1170228E+02	+9.0000000E+01
+7.6640000E-01	+1.1446754E+02	+9.0000000E+01
+7.7130000E-01	+1.1733891E+02	+9.0000000E+01
+7.7620000E-01	+1.2032372E+02	+9.0000000E+01
+7.8110000E-01	+1.2343000E+02	+9.0000000E+01
+7.8600000E-01	+1.2666653E+02	+9.0000000E+01
+7.9090000E-01	+1.3004295E+02	+9.0000000E+01
+7.9580000E-01	+1.3356986E+02	+9.0000000E+01
+8.0070000E-01	+1.3725895E+02	+9.0000000E+01
+8.0560000E-01	+1.4112315E+02	+9.0000000E+01
+8.1050000E-01	+1.4517676E+02	+9.0000000E+01
+8.1540000E-01	+1.4943571E+02	+9.0000000E+01
+8.2030000E-01	+1.5391770E+02	+9.0000000E+01
+8.2520000E-01	+1.5864257E+02	+9.0000000E+01
+8.3010000E-01	+1.6363252E+02	+9.0000000E+01
+8.3500000E-01	+1.6891256E+02	+9.0000000E+01
+8.3990000E-01	+1.7451092E+02	+9.0000000E+01
+8.4480000E-01	+1.8045962E+02	+9.0000000E+01
+8.4970000E-01	+1.8679508E+02	+9.0000000E+01
+8.5460000E-01	+1.9355895E+02	+9.0000000E+01
+8.5950000E-01	+2.0079907E+02	+9.0000000E+01
+8.6440000E-01	+2.0857066E+02	+9.0000000E+01
+8.6930000E-01	+2.1693781E+02	+9.0000000E+01
+8.7420000E-01	+2.2597533E+02	+9.0000000E+01
+8.7910000E-01	+2.3577107E+02	+9.0000000E+01
+8.8400000E-01	+2.4642895E+02	+9.0000000E+01
+8.8890000E-01	+2.5807274E+02	+9.0000000E+01
+8.9380000E-01	+2.7085109E+02	+9.0000000E+01
+8.9870000E-01	+2.8494411E+02	+9.0000000E+01
+9.0360000E-01	+3.0057213E+02	+9.0000000E+01
+9.0850000E-01	+3.1800760E+02	+9.0000000E+01
+9.1340000E-01	+3.3759150E+02	+9.0000000E+01
+9.1830000E-01	+3.5975631E+02	+9.0000000E+01
+9.2320000E-01	+3.8505892E+02	+9.0000000E+01
+9.2810000E-01	+4.1422882E+02	+9.0000000E+01
+9.3300000E-01	+4.4824062E+02	+9.0000000E+01
+9.3790000E-01	+4.8842643E+02	+9.0000000E+01
+9.4280000E-01	+5.3665631E+02	+9.0000000E+01
+9.4770000E-01	+5.9564038E+02	+9.0000000E+01
+9.5260000E-01	+6.6946019E+02	+9.0000000E+01
+9.5750000E-01	+7.6456182E+02	+9.0000000E+01
+9.6240000E-01	+8.9175826E+02	+9.0000000E+01
+9.6730000E-01	+1.0706813E+03	+9.0000000E+01
+9.7220000E-01	+1.3410746E+03	+9.0000000E+01
+9.7710000E-01	+1.7974160E+03	+9.0000000E+01
+9.8200000E-01	+2.7326136E+03	+9.0000000E+01
+9.8690000E-01	+5.7349150E+03	+9.0000000E+01
+9.9180000E-01	+5.4130122E+04	-9.0000000E+01
+9.9670000E-01	+4.7019978E+03	-9.0000000E+01
+1.0016000E+00	+2.4490069E+03	-9.0000000E+01
+1.0065000E+00	+1.6514429E+03	-9.0000000E+01
+1.0114000E+00	+1.2431892E+03	-9.0000000E+01
+1.0163000E+00	+9.9503734E+02	-9.0000000E+01
+1.0212000E+00	+8.2819031E+02	-9.0000000E+01
+1.0261000E+00	+7.0827198E+02	-9.0000000E+01
+1.0310000E+00	+6.1789149E+02	-9.0000000E+01
+1.0359000E+00	+5.4730610E+02	-9.0000000E+01
+1.0408000E+00	+4.9063327E+02	-9.0000000E+01
+1.0457000E+00	+4.4411116E+02	-9.0000000E+01
+1.0506000E+00	+4.0522195E+02	-9.0000000E+01
+1.0555000E+00	+3.7221690E+02	-9.0000000E+01
+1.0604000E+00	+3.4384351E+02	-9.0000000E+01
+1.0653000E+00	+3.1918114E+02	-9.0000000E+01
+1.0702000E+00	+2.9753795E+02	-9.0000000E+01
+1.0751000E+00	+2.7838399E+02	-9.0000000E+01
+1.0800000E+00	+2.6130642E+02	-9.0000000E+01
+1.0849000E+00	+2.4597888E+02	-9.0000000E+01
+1.0898000E+00	+2.3213999E+02	-9.0000000E+01
+1.0947000E+00	+2.1957788E+02	-9.0000000E+01
+1.0996000E+00	+2.0811908E+02	-9.0000000E+01
+1.1045000E+00	+1.9762012E+02	-9.0000000E+01
+1.1094000E+00	+1.8796136E+02	-9.0000000E+01
+1.1143000E+00	+1.7904223E+02	-9.0000000E+01
+1.1192000E+00	+1.7077755E+02	-9.0000000E+01
+1.1241000E+00	+1.6309473E+02	-9.0000000E+01
+1.1290000E+00	+1.5593150E+02	-9.0000000E+01
+1.1339000E+00	+1.4923414E+02	-9.0000000E+01
+1.1388000E+00	+1.4295609E+02	-9.0000000E+01
+1.1437000E+00	+1.3705674E+02	-9.0000000E+01
+1.1486000E+00	+1.3150057E+02	-9.0000000E+01
+1.1535000E+00	+1.2625632E+02	-9.0000000E+01
+1.1584000E+00	+1.2129641E+02	-9.0000000E+01
+1.1633000E+00	+1.1659640E+02	-9.0000000E+01
+1.1682000E+00	+1.1213455E+02	-9.0000000E+01
+1.1731000E+00	+1.0789145E+02	-9.0000000E+01
+1.1780000E+00	+1.0384973E+02	-9.0000000E+01
+1.1829000E+00	+9.9993803E+01	-9.0000000E+01
+1.1878000E+00	+9.6309621E+01	-9.0000000E+01
+1.1927000E+00	+9.2784501E+01	-9.0000000E+01
+1.1976000E+00	+8.9406961E+01	-9.0000000E+01
+1.2025000E+00	+8.6166581E+01	-9.0000000E+01
+1.2074000E+00	+8.3053882E+01	-9.0000000E+01
+1.2123000E+00	+8.0060218E+01	-9.0000000E+01
+1.2172000E+00	+7.7177693E+01	-9.0000000E+01
+1.2221000E+00	+7.4399072E+01	-9.0000000E+01
+1.2270000E+00	+7.1717722E+01	-9.0000000E+01
+1.2319000E+00	+6.9127541E+01	-9.0000000E+01
+1.2368000E+00	+6.6622912E+01	-9.0000000E+01
+1.2417000E+00	+6.4198651E+01	-9.0000000E+01
+1.2466000E+00	+6.1849968E+01	-9.0000000E+01
+1.2515000E+00	+5.9572429E+01	-9.0000000E+01
+1.2564000E+00	+5.7361922E+01	-9.0000000E+01
+1.2613000E+00	+5.5214627E+01	-9.0000000E+01
+1.2662000E+00	+5.3126992E+01	-9.0000000E+01
+1.2711000E+00	+5.1095709E+01	-9.0000000E+01
+1.2760000E+00	+4.9117691E+01	-9.0000000E+01
+1.2809000E+00	+4.7190053E+01	-9.0000000E+01
+1.2858000E+00	+4.5310097E+01	-9.0000000E+01
+1.2907000E+00	+4.3475298E+01	-9.0000000E+01
+1.2956000E+00	+4.1683282E+01	-9.0000000E+01
+1.3005000E+00	+3.9931823E+01	-9.0000000E+01
+1.3054000E+00	+3.8218827E+01	-9.0000000E+01
+1.3103000E+00	+3.6542320E+01	-9.0000000E+01
+1.3152000E+00	+3.4900442E+01	-9.0000000E+01
+1.3201000E+00	+3.3291435E+01	-9.0000000E+01
+1.3250000E+00	+3.1713638E+01	-9.0000000E+01
+1.3299000E+00	+3.0165478E+01	-9.0000000E+01
+1.3348000E+00	+2.8645465E+01	-9.0000000E+01
+1.3397000E+00	+2.7152182E+01	-9.0000000E+01
+1.3446000E+00	+2.5684284E+01	-9.0000000E+01
+1.3495000E+00	+2.4240491E+01	-9.0000000E+01
+1.3544000E+00	+2.2819581E+01	-9.0000000E+01
+1.3593000E+00	+2.1420390E+01	-9.0000000E+01
+1.3642000E+00	+2.0041804E+01	-9.0000000E+01
+1.3691000E+00	+1.8682756E+01	-9.0000000E+01
+1.3740000E+00	+1.7342225E+01	-9.0000000E+01
+1.3789000E+00	+1.6019227E+01	-9.0000000E+01
+1.3838000E+00	+1.4712820E+01	-9.0000000E+01
+1.3887000E+00	+1.3422093E+01	-9.0000000E+01
+1.3936000E+00	+1.2146169E+01	-9.0000000E+01
+1.3985000E+00	+1.0884199E+01	-9.0000000E+01
+1.4034000E+00	+9.6353595E+00	-9.0000000E+01
+1.4083000E+00	+8.3988541E+00	-9.0000000E+01
+1.4132000E+00	+7.1739063E+00	-9.0000000E+01
+1.4181000E+00	+5.9597602E+00	-9.0000000E+01
+1.4230000E+00	+4.7556773E+00	-9.0000000E+01
+1.4279000E+00	+3.5609351E+00	-9.0000000E+01
+1.4328000E+00	+2.3748246E+00	-9.0000000E+01
+1.4377000E+00	+1.1966488E+00	-9.0000000E+01
+1.4426000E+00	+2.5720419E-02	-9.0000000E+01
+1.4475000E+00	+1.1386396E+00	+9.0000000E+01
+1.4524000E+00	+2.2971044E+00	+9.0000000E+01
+1.4573000E+00	+3.4503426E+00	+9.0000000E+01
+1.4622000E+00	+4.5990207E+00	+9.0000000E+01
+1.4671000E+00	+5.7438045E+00	+9.0000000E+01
+1.4720000E+00	+6.8853617E+00	+9.0000000E+01
+1.4769000E+00	+8.0243633E+00	+9.0000000E+01
+1.4818000E+00	+9.1614858E+00	+9.0000000E+01
+1.4867000E+00	+1.0297414E+01	+9.0000000E+01
+1.4916000E+00	+1.1432842E+01	+9.0000000E+01
+1.4965000E+00	+1.2568477E+01	+9.0000000E+01
+1.5014000E+00	+1.3705042E+01	+9.0000000E+01
+1.5063000E+00	+1.4843276E+01	+9.0000000E+01
+1.5112000E+00	+1.5983941E+01	+9.0000000E+01
+1.5161000E+00	+1.7127820E+01	+9.0000000E+01
+1.5210000E+00	+1.8275726E+01	+9.0000000E+01
+1.5259000E+00	+1.9428501E+01	+9.0000000E+01
+1.5308000E+00	+2.0587023E+01	+9.0000000E+01
+1.5357000E+00	+2.1752208E+01	+9.0000000E+01
+1.5406000E+00	+2.2925020E+01	+9.0000000E+01
+1.5455000E+00	+2.4106467E+01	+9.0000000E+01
+1.5504000E+00	+2.5297616E+01	+9.0000000E+01
+1.5553000E+00	+2.6499596E+01	+9.0000000E+01
+1.5602000E+00	+2.7713605E+01	+9.0000000E+01
+1.5651000E+00	+2.8940917E+01	+9.0000000E+01
+1.5700000E+00	+3.0182896E+01	+9.0000000E+01
+1.5749000E+00	+3.1441001E+01	+9.0000000E+01
+1.5798000E+00	+3.2716801E+01	+9.0000000E+01
+1.5847000E+00	+3.4011986E+01	+9.0000000E+01
+1.5896000E+00	+3.5328386E+01	+9.0000000E+01
+1.5945000E+00	+3.6667985E+01	+9.0000000E+01
+1.5994000E+00	+3.8032942E+01	+9.0000000E+01
+1.6043000E+00	+3.9425614E+01	+9.0000000E+01
+1.6092000E+00	+4.0848591E+01	+9.0000000E+01
+1.6141000E+00	+4.2304589E+01	+9.0000000E+01
+1.6190000E+00	+4.3796981E+01	+9.0000000E+01
+1.6239000E+00	+4.5329042E+01	+9.0000000E+01
+1.6288000E+00	+4.6904648E+01	+9.0000000E+01
+1.6337000E+00	+4.8528076E+01	+9.0000000E+01
+1.6386000E+00	+5.0204110E+01	+9.0000000E+01
+1.6435000E+00	+5.1938118E+01	+9.0000000E+01
+1.6484000E+00	+5.3736154E+01	+9.0000000E+01
+1.6533000E+00	+5.5605071E+01	+9.0000000E+01
+1.6582000E+00	+5.7552665E+01	+9.0000000E+01
+1.6631000E+00	+5.9587844E+01	+9.0000000E+01
+1.6680000E+00	+6.1720844E+01	+9.0000000E+01
+1.6729000E+00	+6.3963483E+01	+9.0000000E+01
+1.6778000E+00	+6.6329492E+01	+9.0000000E+01
+1.6827000E+00	+6.8834918E+01	+9.0000000E+01
+1.6876000E+00	+7.1498643E+01	+9.0000000E+01
+1.6925000E+00	+7.4343046E+01	+9.0000000E+01
+1.6974000E+00	+7.7394852E+01	+9.0000000E+01
+1.7023000E+00	+8.0686259E+01	+9.0000000E+01
+1.7072000E+00	+8.4256410E+01	+9.0000000E+01
+1.7121000E+00	+8.8153394E+01	+9.0000000E+01
+1.7170000E+00	+9.2436954E+01	+9.0000000E+01
+1.7219000E+00	+9.7182264E+01	+9.0000000E+01
+1.7268000E+00	+1.0248526E+02	+9.0000000E+01
+1.7317000E+00	+1.0847038E+02	+9.0000000E+01
+1.7366000E+00	+1.1530194E+02	+9.0000000E+01
+1.7415000E+00	+1.2320163E+02	+9.0000000E+01
+1.7464000E+00	+1.3247586E+02	+9.0000000E+01
+1.7513000E+00	+1.4356062E+02	+9.0000000E+01
+1.7562000E+00	+1.5709807E+02	+9.0000000E+01
+1.7611000E+00	+1.7407474E+02	+9.0000000E+01
+1.7660000E+00	+1.9608831E+02	+9.0000000E+01
+1.7709000E+00	+2.2590750E+02	+9.0000000E+01
+1.7758000E+00	+2.6878589E+02	+9.0000000E+01
+1.7807000E+00	+3.3605621E+02	+9.0000000E+01
+1.7856000E+00	+4.5750271E+02	+9.0000000E+01
+1.7905000E+00	+7.4469313E+02	+9.0000000E+01
+1.7954000E+00	+2.2862927E+03	+9.0000000E+01
+1.8003000E+00	+1.8446912E+03	-9.0000000E+01
+1.8052000E+00	+6.2117681E+02	-9.0000000E+01
+1.8101000E+00	+3.5924276E+02	-9.0000000E+01
+1.8150000E+00	+2.4474041E+02	-9.0000000E+01
+1.8199000E+00	+1.8031643E+02	-9.0000000E+01
+1.8248000E+00	+1.3886716E+02	-9.0000000E+01
+1.8297000E+00	+1.0985774E+02	-9.0000000E+01
+1.8346000E+00	+8.8339606E+01	-9.0000000E+01
+1.8395000E+00	+7.1681070E+01	-9.0000000E+01
+1.8444000E+00	+5.8353448E+01	-9.0000000E+01
+1.8493000E+00	+4.7407969E+01	-9.0000000E+01
+1.8542000E+00	+3.8224586E+01	-9.0000000E+01
+1.8591000E+00	+3.0380938E+01	-9.0000000E+01
+1.8640000E+00	+2.3579365E+01	-9.0000000E+01
+1.8689000E+00	+1.7604037E+01	-9.0000000E+01
+1.8738000E+00	+1.2294629E+01	-9.0000000E+01
+1.8787000E+00	+7.5295448E+00	-9.0000000E+01
+1.8836000E+00	+3.2148767E+00	-9.0000000E+01
+1.8885000E+00	+7.2305928E-01	+9.0000000E+01
+1.8934000E+00	+4.3428991E+00	+9.0000000E+01
+1.8983000E+00	+7.6918941E+00	+9.0000000E+01
+1.9032000E+00	+1.0808554E+01	+9.0000000E+01
+1.9081000E+00	+1.3724586E+01	+9.0000000E+01
+1.9130000E+00	+1.6466340E+01	+9.0000000E+01
+1.9179000E+00	+1.9055905E+01	+9.0000000E+01
+1.9228000E+00	+2.1511936E+01	+9.0000000E+01
+1.9277000E+00	+2.3850308E+01	+9.0000000E+01
+1.9326000E+00	+2.6084621E+01	+9.0000000E+01
+1.9375000E+00	+2.8226596E+01	+9.0000000E+01
+1.9424000E+00	+3.0286398E+01	+9.0000000E+01
+1.9473000E+00	+3.2272887E+01	+9.0000000E+01
+1.9522000E+00	+3.4193831E+01	+9.0000000E+01
+1.9571000E+00	+3.6056069E+01	+9.0000000E+01
+1.9620000E+00	+3.7865657E+01	+9.0000000E+01
+1.9669000E+00	+3.9627975E+01	+9.0000000E+01
+1.9718000E+00	+4.1347830E+01	+9.0000000E+01
+1.9767000E+00	+4.3029530E+01	+9.0000000E+01
+1.9816000E+00	+4.4676955E+01	+9.0000000E+01
+1.9865000E+00	+4.6293611E+01	+9.0000000E+01
+1.9914000E+00	+4.7882680E+01	+9.0000000E+01
+1.9963000E+00	+4.9447061E+01	+9.0000000E+01
+2.0012000E+00	+5.0989405E+01	+9.0000000E+01
+2.0061000E+00	+5.2512144E+01	+9.0000000E+01
+2.0110000E+00	+5.4017520E+01	+9.0000000E+01
+2.0159000E+00	+5.5507606E+01	+9.0000000E+01
+2.0208000E+00	+5.6984324E+01	+9.0000000E+01
+2.0257000E+00	+5.8449465E+01	+9.0000000E+01
+2.0306000E+00	+5.9904706E+01	+9.0000000E+01
+2.0355000E+00	+6.1351619E+01	+9.0000000E+01
+2.0404000E+00	+6.2791683E+01	+9.0000000E+01
+2.0453000E+00	+6.4226298E+01	+9.0000000E+01
+2.0502000E+00	+6.5656794E+01	+9.0000000E+01
+2.0551000E+00	+6.7084436E+01	+9.0000000E+01
+2.0600000E+00	+6.8510435E+01	+9.0000000E+01
+2.0649000E+00	+6.9935951E+01	+9.0000000E+01
+2.0698000E+00	+7.1362104E+01	+9.0000000E+01
+2.0747000E+00	+7.2789976E+01	+9.0000000E+01
+2.0796000E+00	+7.4220618E+01	+9.0000000E+01
+2.0845000E+00	+7.5655053E+01	+9.0000000E+01
+2.0894000E+00	+7.7094283E+01	+9.0000000E+01
+2.0943000E+00	+7.8539290E+01	+9.0000000E+01
+2.0992000E+00	+7.9991041E+01	+9.0000000E+01
+2.1041000E+00	+8.1450494E+01	+9.0000000E+01
+2.1090000E+00	+8.2918596E+01	+9.0000000E+01
+2.1139000E+00	+8.4396292E+01	+9.0000000E+01
+2.1188000E+00	+8.5884525E+01	+9.0000000E+01
+2.1237000E+00	+8.7384238E+01	+9.0000000E+01
+2.1286000E+00	+8.8896380E+01	+9.0000000E+01
+2.1335000E+00	+9.0421906E+01	+9.0000000E+01
+2.1384000E+00	+9.1961781E+01	+9.0000000E+01
+2.1433000E+00	+9.3516985E+01	+9.0000000E+01
+2.1482000E+00	+9.5088510E+01	+9.0000000E+01
+2.1531000E+00	+9.6677368E+01	+9.0000000E+01
+2.1580000E+00	+9.8284592E+01	+9.0000000E+01
+2.1629000E+00	+9.9911240E+01	+9.0000000E+01
+2.1678000E+00	+1.0155840E+02	+9.0000000E+01
+2.1727000E+00	+1.0322717E+02	+9.0000000E+01
+2.1776000E+00	+1.0491871E+02	+9.0000000E+01
+2.1825000E+00	+1.0663421E+02	+9.0000000E+01
+2.1874000E+00	+1.0837487E+02	+9.0000000E+01
+2.1923000E+00	+1.1014198E+02	+9.0000000E+01
+2.1972000E+00	+1.1193683E+02	+9.0000000E+01
+2.2021000E+00	+1.1376080E+02	+9.0000000E+01
+2.2070000E+00	+1.1561531E+02	+9.0000000E+01
+2.2119000E+00	+1.1750183E+02	+9.0000000E+01
+2.2168000E+00	+1.1942190E+02	+9.0000000E+01
+2.2217000E+00	+1.2137713E+02	+9.0000000E+01
+2.2266000E+00	+1.2336922E+02	+9.0000000E+01
+2.2315000E+00	+1.2539993E+02	+9.0000000E+01
+2.2364000E+00	+1.2747111E+02	+9.0000000E+01
+2.2413000E+00	+1.2958472E+02	+9.0000000E+01
+2.2462000E+00	+1.3174279E+02	+9.0000000E+01
+2.2511000E+00	+1.3394748E+02	+9.0000000E+01
+2.2560000E+00	+1.3620108E+02	+9.0000000E+01
+2.2609000E+00	+1.3850597E+02	+9.0000000E+01
+2.2658000E+00	+1.4086470E+02	+9.0000000E+01
+2.2707000E+00	+1.4327996E+02	+9.0000000E+01
+2.2756000E+00	+1.4575457E+02	+9.0000000E+01
+2.2805000E+00	+1.4829158E+02	+9.0000000E+01
+2.2854000E+00	+1.5089416E+02	+9.0000000E+01
+2.2903000E+00	+1.5356574E+02	+9.0000000E+01
+2.2952000E+00	+1.5630994E+02	+9.0000000E+01
+2.3001000E+00	+1.5913063E+02	+9.0000000E+01
+2.3050000E+00	+1.6203193E+02	+9.0000000E+01
+2.3099000E+00	+1.6501826E+02	+9.0000000E+01
+2.3148000E+00	+1.6809432E+02	+9.0000000E+01
+2.3197000E+00	+1.7126519E+02	+9.0000000E+01
+2.3246000E+00	+1.7453628E+02	+9.0000000E+01
+2.3295000E+00	+1.7791343E+02	+9.0000000E+01
+2.3344000E+00	+1.8140291E+02	+9.0000000E+01
+2.3393000E+00	+1.8501148E+02	+9.0000000E+01
+2.3442000E+00	+1.8874645E+02	+9.0000000E+01
+2.3491000E+00	+1.9261571E+02	+9.0000000E+01
+2.3540000E+00	+1.9662781E+02	+9.0000000E+01
+2.3589000E+00	+2.0079201E+02	+9.0000000E+01
+2.3638000E+00	+2.0511841E+02	+9.0000000E+01
+2.3687000E+00	+2.0961796E+02	+9.0000000E+01
+2.3736000E+00	+2.1430265E+02	+9.0000000E+01
+2.3785000E+00	+2.1918555E+02	+9.0000000E+01
+2.3834000E+00	+2.2428100E+02	+9.0000000E+01
+2.3883000E+00	+2.2960472E+02	+9.0000000E+01
+2.3932000E+00	+2.3517403E+02	+9.0000000E+01
+2.3981000E+00	+2.4100801E+02	+9.0000000E+01
+2.4030000E+00	+2.4712778E+02	+9.0000000E+01
+2.4079000E+00	+2.5355672E+02	+9.0000000E+01
+2.4128000E+00	+2.6032085E+02	+9.0000000E+01
+2.4177000E+00	+2.6744915E+02	+9.0000000E+01
+2.4226000E+00	+2.7497406E+02	+9.0000000E+01
+2.4275000E+00	+2.8293195E+02	+9.0000000E+01
+2.4324000E+00	+2.9136378E+02	+9.0000000E+01
+2.4373000E+00	+3.0031582E+02	+9.0000000E+01
+2.4422000E+00	+3.0984056E+02	+9.0000000E+01
+2.4471000E+00	+3.1999778E+02	+9.0000000E+01
+2.4520000E+00	+3.3085587E+02	+9.0000000E+01
+2.4569000E+00	+3.4249343E+02	+9.0000000E+01
+2.4618000E+00	+3.5500128E+02	+9.0000000E+01
+2.4667000E+00	+3.6848488E+02	+9.0000000E+01
+2.4716000E+00	+3.8306746E+02	+9.0000000E+01
+2.4765000E+00	+3.9889387E+02	+9.0000000E+01
+2.4814000E+00	+4.1613567E+02	+9.0000000E+01
+2.4863000E+00	+4.3499724E+02	+9.0000000E+01
+2.4912000E+00	+4.5572466E+02	+9.0000000E+01
+2.4961000E+00	+4.7861623E+02	+9.0000000E+01
+2.5010000E+00	+5.0403750E+02	+9.0000000E+01
+2.5059000E+00	+5.3244128E+02	+9.0000000E+01
+2.5108000E+00	+5.6439526E+02	+9.0000000E+01
+2.5157000E+00	+6.0062101E+02	+9.0000000E+01
+2.5206000E+00	+6.4204984E+02	+9.0000000E+01
+2.5255000E+00	+6.8990504E+02	+9.0000000E+01
+2.5304000E+00	+7.4582598E+02	+9.0000000E+01
+2.5353000E+00	+8.1206151E+02	+9.0000000E+01
+2.5402000E+00	+8.9178220E+02	+9.0000000E+01
+2.5451000E+00	+9.8960649E+02	+9.0000000E+01
+2.5500000E+00	+1.1125337E+03	+9.0000000E+01
+2.5549000E+00	+1.2717054E+03	+9.0000000E+01
+2.5598000E+00	+1.4860012E+03	+9.0000000E+01
+2.5647000E+00	+1.7901692E+03	+9.0000000E+01
+2.5696000E+00	+2.2559317E+03	+9.0000000E+01
+2.5745000E+00	+3.0589891E+03	+9.0000000E+01
+2.5794000E+00	+4.7745581E+03	+9.0000000E+01
+2.5843000E+00	+1.1008773E+04	+9.0000000E+01
+2.5892000E+00	+3.4517878E+04	-9.0000000E+01
+2.5941000E+00	+6.6650909E+03	-9.0000000E+01
+2.5990000E+00	+3.6708293E+03	-9.0000000E+01
+2.6039000E+00	+2.5241039E+03	-9.0000000E+01
+2.6088000E+00	+1.9179621E+03	-9.0000000E+01
+2.6137000E+00	+1.5429601E+03	-9.0000000E+01
+2.6186000E+00	+1.2879878E+03	-9.0000000E+01
+2.6235000E+00	+1.1033146E+03	-9.0000000E+01
+2.6284000E+00	+9.6334831E+02	-9.0000000E+01
+2.6333000E+00	+8.5357455E+02	-9.0000000E+01
+2.6382000E+00	+7.6514818E+02	-9.0000000E+01
+2.6431000E+00	+6.9237151E+02	-9.0000000E+01
+2.6480000E+00	+6.3140870E+02	-9.0000000E+01
+2.6529000E+00	+5.7958270E+02	-9.0000000E+01
+2.6578000E+00	+5.3496837E+02	-9.0000000E+01
+2.6627000E+00	+4.9614581E+02	-9.0000000E+01
+2.6676000E+00	+4.6204484E+02	-9.0000000E+01
+2.6725000E+00	+4.3184355E+02	-9.0000000E+01
+2.6774000E+00	+4.0490025E+02	-9.0000000E+01
+2.6823000E+00	+3.8070665E+02	-9.0000000E+01
+2.6872000E+00	+3.5885490E+02	-9.0000000E+01
+2.6921000E+00	+3.3901395E+02	-9.0000000E+01
+2.6970000E+00	+3.2091226E+02	-9.0000000E+01
+2.7019000E+00	+3.0432505E+02	-9.0000000E+01
+2.7068000E+00	+2.8906460E+02	-9.0000000E+01
+2.7117000E+00	+2.7497294E+02	-9.0000000E+01
+2.7166000E+00	+2.6191617E+02	-9.0000000E+01
+2.7215000E+00	+2.4978005E+02	-9.0000000E+01
+2.7264000E+00	+2.3846651E+02	-9.0000000E+01
+2.7313000E+00	+2.2789088E+02	-9.0000000E+01
+2.7362000E+00	+2.1797970E+02	-9.0000000E+01
+2.7411000E+00	+2.0866890E+02	-9.0000000E+01
+2.7460000E+00	+1.9990235E+02	-9.0000000E+01
+2.7509000E+00	+1.9163067E+02	-9.0000000E+01
+2.7558000E+00	+1.8381025E+02	-9.0000000E+01
+2.7607000E+00	+1.7640240E+02	-9.0000000E+01
+2.7656000E+00	+1.6937274E+02	-9.0000000E+01
+2.7705000E+00	+1.6269052E+02	-9.0000000E+01
+2.7754000E+00	+1.5632824E+02	-9.0000000E+01
+2.7803000E+00	+1.5026118E+02	-9.0000000E+01
+2.7852000E+00	+1.4446708E+02	-9.0000000E+01
+2.7901000E+00	+1.3892583E+02	-9.0000000E+01
+2.7950000E+00	+1.3361921E+02	-9.0000000E+01
+2.7999000E+00	+1.2853069E+02	-9.0000000E+01
+2.8048000E+00	+1.2364523E+02	-9.0000000E+01
+2.8097000E+00	+1.1894910E+02	-9.0000000E+01
+2.8146000E+00	+1.1442976E+02	-9.0000000E+01
+2.8195000E+00	+1.1007573E+02	-9.0000000E+01
+2.8244000E+00	+1.0587646E+02	-9.0000000E+01
+2.8293000E+00	+1.0182228E+02	-9.0000000E+01
+2.8342000E+00	+9.7904251E+01	-9.0000000E+01
+2.8391000E+00	+9.4114143E+01	-9.0000000E+01
+2.8440000E+00	+9.0444349E+01	-9.0000000E+01
+2.8489000E+00	+8.6887821E+01	-9.0000000E+01
+2.8538000E+00	+8.3438030E+01	-9.0000000E+01
+2.8587000E+00	+8.0088910E+01	-9.0000000E+01
+2.8636000E+00	+7.6834821E+01	-9.0000000E+01
+2.8685000E+00	+7.3670510E+01	-9.0000000E+01
+2.8734000E+00	+7.0591078E+01	-9.0000000E+01
+2.8783000E+00	+6.7591946E+01	-9.0000000E+01
+2.8832000E+00	+6.4668866E+01	-9.0000000E+01
+2.8881000E+00	+6.1817777E+01	-9.0000000E+01
+2.8930000E+00	+5.9034961E+01	-9.0000000E+01
+2.8979000E+00	+5.6316886E+01	-9.0000000E+01
+2.9028000E+00	+5.3660238E+01	-9.0000000E+01
+2.9077000E+00	+5.1061900E+01	-9.0000000E+01
+2.9126000E+00	+4.8518933E+01	-9.0000000E+01
+2.9175000E+00	+4.6028580E+01	-9.0000000E+01
+2.9224000E+00	+4.3588178E+01	-9.0000000E+01
+2.9273000E+00	+4.1195667E+01	-9.0000000E+01
+2.9322000E+00	+3.8847717E+01	-9.0000000E+01
+2.9371000E+00	+3.6542985E+01	-9.0000000E+01
+2.9420000E+00	+3.4279121E+01	-9.0000000E+01
+2.9469000E+00	+3.2054122E+01	-9.0000000E+01
+2.9518000E+00	+2.9866089E+01	-9.0000000E+01
+2.9567000E+00	+2.7713217E+01	-9.0000000E+01
+2.9616000E+00	+2.5593784E+01	-9.0000000E+01
+2.9665000E+00	+2.3506152E+01	-9.0000000E+01
+2.9714000E+00	+2.1448753E+01	-9.0000000E+01
+2.9763000E+00	+1.9420092E+01	-9.0000000E+01
+2.9812000E+00	+1.7418735E+01	-9.0000000E+01
+2.9861000E+00	+1.5443310E+01	-9.0000000E+01
+2.9910000E+00	+1.3492502E+01	-9.0000000E+01
+2.9959000E+00	+1.1565047E+01	-9.0000000E+01
+3.0008000E+00	+9.6597299E+00	-9.0000000E+01
+3.0057000E+00	+7.7753815E+00	-9.0000000E+01
+3.0106000E+00	+5.9108749E+00	-9.0000000E+01
+3.0155000E+00	+4.0651228E+00	-9.0000000E+01
+3.0204000E+00	+2.2370746E+00	-9.0000000E+01
+3.0253000E+00	+4.2571412E-01	-9.0000000E+01
+3.0302000E+00	+1.3699433E+00	+9.0000000E+01
+3.0351000E+00	+3.1508525E+00	+9.0000000E+01
+3.0400000E+00	+4.9179412E+00	+9.0000000E+01
+3.0449000E+00	+6.6721119E+00	+9.0000000E+01
+3.0498000E+00	+8.4142436E+00	+9.0000000E+01
+3.0547000E+00	+1.0145194E+01	+9.0000000E+01
+3.0596000E+00	+1.1865801E+01	+9.0000000E+01
+3.0645000E+00	+1.3576885E+01	+9.0000000E+01
+3.0694000E+00	+1.5279250E+01	+9.0000000E+01
+3.0743000E+00	+1.6973686E+01	+9.0000000E+01
+3.0792000E+00	+1.8660968E+01	+9.0000000E+01
+3.0841000E+00	+2.0341861E+01	+9.0000000E+01
+3.0890000E+00	+2.2017120E+01	+9.0000000E+01
+3.0939000E+00	+2.3687491E+01	+9.0000000E+01
+3.0988000E+00	+2.5353713E+01	+9.0000000E+01
+3.1037000E+00	+2.7016519E+01	+9.0000000E+01
+3.1086000E+00	+2.8676637E+01	+9.0000000E+01
+3.1135000E+00	+3.0334793E+01	+9.0000000E+01
+3.1184000E+00	+3.1991711E+01	+9.0000000E+01
+3.1233000E+00	+3.3648115E+01	+9.0000000E+01
+3.1282000E+00	+3.5304729E+01	+9.0000000E+01
+3.1331000E+00	+3.6962282E+01	+9.0000000E+01
+3.1380000E+00	+3.8621504E+01	+9.0000000E+01
+3.1429000E+00	+4.0283133E+01	+9.0000000E+01
+3.1478000E+00	+4.1947913E+01	+9.0000000E+01
+3.1527000E+00	+4.3616596E+01	+9.0000000E+01
+3.1576000E+00	+4.5289944E+01	+9.0000000E+01
+3.1625000E+00	+4.6968734E+01	+9.0000000E+01
+3.1674000E+00	+4.8653753E+01	+9.0000000E+01
+3.1723000E+00	+5.0345804E+01	+9.0000000E+01
+3.1772000E+00	+5.2045711E+01	+9.0000000E+01
+3.1821000E+00	+5.3754307E+01	+9.0000000E+01
+3.1870000E+00	+5.5472464E+01	+9.0000000E+01
+3.1919000E+00	+5.7201062E+01	+9.0000000E+01
+3.1968000E+00	+5.8941013E+01	+9.0000000E+01
+3.2017000E+00	+6.0693260E+01	+9.0000000E+01
+3.2066000E+00	+6.2458773E+01	+9.0000000E+01
+3.2115000E+00	+6.4238560E+01	+9.0000000E+01
+3.2164000E+00	+6.6033648E+01	+9.0000000E+01
+3.2213000E+00	+6.7845162E+01	+9.0000000E+01
+3.2262000E+00	+6.9674201E+01	+9.0000000E+01
+3.2311000E+00	+7.1521949E+01	+9.0000000E+01
+3.2360000E+00	+7.3389639E+01	+9.0000000E+01
+3.2409000E+00	+7.5278559E+01	+9.0000000E+01
+3.2458000E+00	+7.7190061E+01	+9.0000000E+01
+3.2507000E+00	+7.9125566E+01	+9.0000000E+01
+3.2556000E+00	+8.1086568E+01	+9.0000000E+01
+3.2605000E+00	+8.3074642E+01	+9.0000000E+01
+3.2654000E+00	+8.5091452E+01	+9.0000000E+01
+3.2703000E+00	+8.7138758E+01	+9.0000000E+01
+3.2752000E+00	+8.9218427E+01	+9.0000000E+01
+3.2801000E+00	+9.1332439E+01	+9.0000000E+01
+3.2850000E+00	+9.3482902E+01	+9.0000000E+01
+3.2899000E+00	+9.5672062E+01	+9.0000000E+01
+3.2948000E+00	+9.7902315E+01	+9.0000000E+01
+3.2997000E+00	+1.0017623E+02	+9.0000000E+01
+3.3046000E+00	+1.0249655E+02	+9.0000000E+01
+3.3095000E+00	+1.0486622E+02	+9.0000000E+01
+3.3144000E+00	+1.0728843E+02	+9.0000000E+01
+3.3193000E+00	+1.0976659E+02	+9.0000000E+01
+3.3242000E+00	+1.1230441E+02	+9.0000000E+01
+3.3291000E+00	+1.1490587E+02	+9.0000000E+01
+3.3340000E+00	+1.1757532E+02	+9.0000000E+01
+3.3389000E+00	+1.2031748E+02	+9.0000000E+01
+3.3438000E+00	+1.2313749E+02	+9.0000000E+01
+3.3487000E+00	+1.2604096E+02	+9.0000000E+01
+3.3536000E+00	+1.2903405E+02	+9.0000000E+01
+3.3585000E+00	+1.3212351E+02	+9.0000000E+01
+3.3634000E+00	+1.3531676E+02	+9.0000000E+01
+3.3683000E+00	+1.3862201E+02	+9.0000000E+01
+3.3732000E+00	+1.4204833E+02	+9.0000000E+01
+3.3781000E+00	+1.4560581E+02	+9.0000000E+01
+3.3830000E+00	+1.4930568E+02	+9.0000000E+01
+3.3879000E+00	+1.5316047E+02	+9.0000000E+01
+3.3928000E+00	+1.5718425E+02	+9.0000000E+01
+3.3977000E+00	+1.6139288E+02	+9.0000000E+01
+3.4026000E+00	+1.6580423E+02	+9.0000000E+01
+3.4075000E+00	+1.7043862E+02	+9.0000000E+01
+3.4124000E+00	+1.7531920E+02	+9.0000000E+01
+3.4173000E+00	+1.8047246E+02	+9.0000000E+01
+3.4222000E+00	+1.8592891E+02	+9.0000000E+01
+3.4271000E+00	+1.9172384E+02	+9.0000000E+01
+3.4320000E+00	+1.9789831E+02	+9.0000000E+01
+3.4369000E+00	+2.0450042E+02	+9.0000000E+01
+3.4418000E+00	+2.1158685E+02	+9.0000000E+01
+3.4467000E+00	+2.1922491E+02	+9.0000000E+01
+3.4516000E+00	+2.2749518E+02	+9.0000000E+01
+3.4565000E+00	+2.3649492E+02	+9.0000000E+01
+3.4614000E+00	+2.4634268E+02	+9.0000000E+01
+3.4663000E+00	+2.5718450E+02	+9.0000000E+01
+3.4712000E+00	+2.6920232E+02	+9.0000000E+01
+3.4761000E+00	+2.8262587E+02	+9.0000000E+01
+3.4810000E+00	+2.9774942E+02	+9.0000000E+01
+3.4859000E+00	+3.1495625E+02	+9.0000000E+01
+3.4908000E+00	+3.3475506E+02	+9.0000000E+01
+3.4957000E+00	+3.5783601E+02	+9.0000000E+01
+3.5006000E+00	+3.8515953E+02	+9.0000000E+01
+3.5055000E+00	+4.1810315E+02	+9.0000000E+01
+3.5104000E+00	+4.5871571E+02	+9.0000000E+01
+3.5153000E+00	+5.1018306E+02	+9.0000000E+01
+3.5202000E+00	+5.7774435E+02	+9.0000000E+01
+3.5251000E+00	+6.7066424E+02	+9.0000000E+01
+3.5300000E+00	+8.0701919E+02	+9.0000000E+01
+3.5349000E+00	+1.0274433E+03	+9.0000000E+01
+3.5398000E+00	+1.4462730E+03	+9.0000000E+01
+3.5447000E+00	+2.5573000E+03	+9.0000000E+01
+3.5496000E+00	+1.4476941E+04	+9.0000000E+01
+3.5545000E+00	+3.5953995E+03	-9.0000000E+01
+3.5594000E+00	+1.5264742E+03	-9.0000000E+01
+3.5643000E+00	+9.3681549E+02	-9.0000000E+01
+3.5692000E+00	+6.5693903E+02	-9.0000000E+01
+3.5741000E+00	+4.9299943E+02	-9.0000000E+01
+3.5790000E+00	+3.8495843E+02	-9.0000000E+01
+3.5839000E+00	+3.0812097E+02	-9.0000000E+01
+3.5888000E+00	+2.5046440E+02	-9.0000000E+01
+3.5937000E+00	+2.0543295E+02	-9.0000000E+01
+3.5986000E+00	+1.6914802E+02	-9.0000000E+01
+3.6035000E+00	+1.3916753E+02	-9.0000000E+01
+3.6084000E+00	+1.1387705E+02	-9.0000000E+01
+3.6133000E+00	+9.2166373E+01	-9.0000000E+01
+3.6182000E+00	+7.3246665E+01	-9.0000000E+01
+3.6231000E+00	+5.6541871E+01	-9.0000000E+01
+3.6280000E+00	+4.1621303E+01	-9.0000000E+01
+3.6329000E+00	+2.8156338E+01	-9.0000000E+01
+3.6378000E+00	+1.5891700E+01	-9.0000000E+01
+3.6427000E+00	+4.6259216E+00	-9.0000000E+01
+3.6476000E+00	+5.8022911E+00	+9.0000000E+01
+3.6525000E+00	+1.5523749E+01	+9.0000000E+01
+3.6574000E+00	+2.4645815E+01	+9.0000000E+01
+3.6623000E+00	+3.3257584E+01	+9.0000000E+01
+3.6672000E+00	+4.1433766E+01	+9.0000000E+01
+3.6721000E+00	+4.9237630E+01	+9.0000000E+01
+3.6770000E+00	+5.6723269E+01	+9.0000000E+01
+3.6819000E+00	+6.3937360E+01	+9.0000000E+01
+3.6868000E+00	+7.0920553E+01	+9.0000000E+01
+3.6917000E+00	+7.7708564E+01	+9.0000000E+01
+3.6966000E+00	+8.4333096E+01	+9.0000000E+01
+3.7015000E+00	+9.0822502E+01	+9.0000000E+01
+3.7064000E+00	+9.7202427E+01	+9.0000000E+01
+3.7113000E+00	+1.0349627E+02	+9.0000000E+01
+3.7162000E+00	+1.0972562E+02	+9.0000000E+01
+3.7211000E+00	+1.1591058E+02	+9.0000000E+01
+3.7260000E+00	+1.2207009E+02	+9.0000000E+01
+3.7309000E+00	+1.2822219E+02	+9.0000000E+01
+3.7358000E+00	+1.3438423E+02	+9.0000000E+01
+3.7407000E+00	+1.4057314E+02	+9.0000000E+01
+3.7456000E+00	+1.4680559E+02	+9.0000000E+01
+3.7505000E+00	+1.5309817E+02	+9.0000000E+01
+3.7554000E+00	+1.5946762E+02	+9.0000000E+01
+3.7603000E+00	+1.6593099E+02	+9.0000000E+01
+3.7652000E+00	+1.7250583E+02	+9.0000000E+01
+3.7701000E+00	+1.7921039E+02	+9.0000000E+01
+3.7750000E+00	+1.8606386E+02	+9.0000000E+01
+3.7799000E+00	+1.9308658E+02	+9.0000000E+01
+3.7848000E+00	+2.0030035E+02	+9.0000000E+01
+3.7897000E+00	+2.0772867E+02	+9.0000000E+01
+3.7946000E+00	+2.1539717E+02	+9.0000000E+01
+3.7995000E+00	+2.2333396E+02	+9.0000000E+01
+3.8044000E+00	+2.3157017E+02	+9.0000000E+01
+3.8093000E+00	+2.4014052E+02	+9.0000000E+01
+3.8142000E+00	+2.4908408E+02	+9.0000000E+01
+3.8191000E+00	+2.5844509E+02	+9.0000000E+01
+3.8240000E+00	+2.6827414E+02	+9.0000000E+01
+3.8289000E+00	+2.7862959E+02	+9.0000000E+01
+3.8338000E+00	+2.8957921E+02	+9.0000000E+01
+3.8387000E+00	+3.0120263E+02	+9.0000000E+01
+3.8436000E+00	+3.1359423E+02	+9.0000000E+01
+3.8485000E+00	+3.2686720E+02	+9.0000000E+01
+3.8534000E+00	+3.4115881E+02	+9.0000000E+01
+3.8583000E+00	+3.5663784E+02	+9.0000000E+01
+3.8632000E+00	+3.7351628E+02	+9.0000000E+01
+3.8681000E+00	+3.9205503E+02	+9.0000000E+01
+3.8730000E+00	+4.1260468E+02	+9.0000000E+01
+3.8779000E+00	+4.3561630E+02	+9.0000000E+01
+3.8828000E+00	+4.6170233E+02	+9.0000000E+01
+3.8877000E+00	+4.9171307E+02	+9.0000000E+01
+3.8926000E+00	+5.2686903E+02	+9.0000000E+01
+3.8975000E+00	+5.6899348E+02	+9.0000000E+01
+3.9024000E+00	+6.2094719E+02	+9.0000000E+01
+3.9073000E+00	+6.8750541E+02	+9.0000000E+01
+3.9122000E+00	+7.7731030E+02	+9.0000000E+01
+3.9171000E+00	+9.0783468E+02	+9.0000000E+01
+3.9220000E+00	+1.1206555E+03	+9.0000000E+01
+3.9269000E+00	+1.5452581E+03	+9.0000000E+01
+3.9318000E+00	+2.8939021E+03	+9.0000000E+01
+3.9367000E+00	+1.9571491E+04	-9.0000000E+01
+3.9416000E+00	+1.5966803E+03	-9.0000000E+01
+3.9465000E+00	+6.2497541E+02	-9.0000000E+01
+3.9514000E+00	+2.6306386E+02	-9.0000000E+01
+3.9563000E+00	+6.4452531E+01	-9.0000000E+01
+3.9612000E+00	+6.8251271E+01	+9.0000000E+01
+3.9661000E+00	+1.6899311E+02	+9.0000000E+01
+3.9710000E+00	+2.5295190E+02	+9.0000000E+01
+3.9759000E+00	+3.2819696E+02	+9.0000000E+01
+3.9808000E+00	+3.9970139E+02	+9.0000000E+01
+3.9857000E+00	+4.7101777E+02	+9.0000000E+01
+3.9906000E+00	+5.4511038E+02	+9.0000000E+01
+3.9955000E+00	+6.2486340E+02	+9.0000000E+01
+4.0004000E+00	+7.1349678E+02	+9.0000000E+01
+4.0053000E+00	+8.1501233E+02	+9.0000000E+01
+4.0102000E+00	+9.3483194E+02	+9.0000000E+01
+4.0151000E+00	+1.0808186E+03	+9.0000000E+01
+4.0200000E+00	+1.2651832E+03	+9.0000000E+01
+4.0249000E+00	+1.5082087E+03	+9.0000000E+01
+4.0298000E+00	+1.8466083E+03	+9.0000000E+01
+4.0347000E+00	+2.3547427E+03	+9.0000000E+01
+4.0396000E+00	+3.2098750E+03	+9.0000000E+01
+4.0445000E+00	+4.9653179E+03	+9.0000000E+01
+4.0494000E+00	+1.0675024E+04	+9.0000000E+01
+4.0543000E+00	+8.2630789E+04	-9.0000000E+01
+4.0592000E+00	+8.5966216E+03	-9.0000000E+01
+4.0641000E+00	+4.5595654E+03	-9.0000000E+01
+4.0690000E+00	+3.1117325E+03	-9.0000000E+01
+4.0739000E+00	+2.3657316E+03	-9.0000000E+01
+4.0788000E+00	+1.9100553E+03	-9.0000000E+01
+4.0837000E+00	+1.6023530E+03	-9.0000000E+01
+4.0886000E+00	+1.3802913E+03	-9.0000000E+01
+4.0935000E+00	+1.2122541E+03	-9.0000000E+01
+4.0984000E+00	+1.0804944E+03	-9.0000000E+01
+4.1033000E+00	+9.7427913E+02	-9.0000000E+01
+4.1082000E+00	+8.8673458E+02	-9.0000000E+01
+4.1131000E+00	+8.1325757E+02	-9.0000000E+01
+4.1180000E+00	+7.5063620E+02	-9.0000000E+01
+4.1229000E+00	+6.9657989E+02	-9.0000000E+01
+4.1278000E+00	+6.4939615E+02	-9.0000000E+01
+4.1327000E+00	+6.0781271E+02	-9.0000000E+01
+4.1376000E+00	+5.7085369E+02	-9.0000000E+01
+4.1425000E+00	+5.3775816E+02	-9.0000000E+01
+4.1474000E+00	+5.0792334E+02	-9.0000000E+01
+4.1523000E+00	+4.8086602E+02	-9.0000000E+01
+4.1572000E+00	+4.5619394E+02	-9.0000000E+01
+4.1621000E+00	+4.3358533E+02	-9.0000000E+01
+4.1670000E+00	+4.1277373E+02	-9.0000000E+01
+4.1719000E+00	+3.9353649E+02	-9.0000000E+01
+4.1768000E+00	+3.7568614E+02	-9.0000000E+01
+4.1817000E+00	+3.5906359E+02	-9.0000000E+01
+4.1866000E+00	+3.4353298E+02	-9.0000000E+01
+4.1915000E+00	+3.2897754E+02	-9.0000000E+01
+4.1964000E+00	+3.1529630E+02	-9.0000000E+01
+4.2013000E+00	+3.0240149E+02	-9.0000000E+01
+4.2062000E+00	+2.9021642E+02	-9.0000000E+01
+4.2111000E+00	+2.7867376E+02	-9.0000000E+01
+4.2160000E+00	+2.6771412E+02	-9.0000000E+01
+4.2209000E+00	+2.5728496E+02	-9.0000000E+01
+4.2258000E+00	+2.4733943E+02	-9.0000000E+01
+4.2307000E+00	+2.3783579E+02	-9.0000000E+01
+4.2356000E+00	+2.2873661E+02	-9.0000000E+01
+4.2405000E+00	+2.2000822E+02	-9.0000000E+01
+4.2454000E+00	+2.1162023E+02	-9.0000000E+01
+4.2503000E+00	+2.0354510E+02	-9.0000000E+01
+4.2552000E+00	+1.9575783E+02	-9.0000000E+01
+4.2601000E+00	+1.8823561E+02	-9.0000000E+01
+4.2650000E+00	+1.8095757E+02	-9.0000000E+01
+4.2699000E+00	+1.7390458E+02	-9.0000000E+01
+4.2748000E+00	+1.6705899E+02	-9.0000000E+01
+4.2797000E+00	+1.6040454E+02	-9.0000000E+01
+4.2846000E+00	+1.5392613E+02	-9.0000000E+01
+4.2895000E+00	+1.4760971E+02	-9.0000000E+01
+4.2944000E+00	+1.4144207E+02	-9.0000000E+01
+4.2993000E+00	+1.3541246E+02	-9.0000000E+01
+4.3042000E+00	+1.2950634E+02	-9.0000000E+01
+4.3091000E+00	+1.2371504E+02	-9.0000000E+01
+4.3140000E+00	+1.1802783E+02	-9.0000000E+01
+4.3189000E+00	+1.1243492E+02	-9.0000000E+01
+4.3238000E+00	+1.0692697E+02	-9.0000000E+01
+4.3287000E+00	+1.0149505E+02	-9.0000000E+01
+4.3336000E+00	+9.6130553E+01	-9.0000000E+01
+4.3385000E+00	+9.0825149E+01	-9.0000000E+01
+4.3434000E+00	+8.5570736E+01	-9.0000000E+01
+4.3483000E+00	+8.0359548E+01	-9.0000000E+01
+4.3532000E+00	+7.5183577E+01	-9.0000000E+01
+4.3581000E+00	+7.0035332E+01	-9.0000000E+01
+4.3630000E+00	+6.4907187E+01	-9.0000000E+01
+4.3679000E+00	+5.9791559E+01	-9.0000000E+01
+4.3728000E+00	+5.4680843E+01	-9.0000000E+01
+4.3777000E+00	+4.9567367E+01	-9.0000000E+01
+4.3826000E+00	+4.4443344E+01	-9.0000000E+01
+4.3875000E+00	+3.9300759E+01	-9.0000000E+01
+4.3924000E+00	+3.4131763E+01	-9.0000000E+01
+4.3973000E+00	+2.8927594E+01	-9.0000000E+01
+4.4022000E+00	+2.3679690E+01	-9.0000000E+01
+4.4071000E+00	+1.8378956E+01	-9.0000000E+01
+4.4120000E+00	+1.3015865E+01	-9.0000000E+01
+4.4169000E+00	+7.5803791E+00	-9.0000000E+01
+4.4218000E+00	+2.0618843E+00	-9.0000000E+01
+4.4267000E+00	+3.5509461E+00	+9.0000000E+01
+4.4316000E+00	+9.2701932E+00	+9.0000000E+01
+4.4365000E+00	+1.5108852E+01	+9.0000000E+01
+4.4414000E+00	+2.1080990E+01	+9.0000000E+01
+4.4463000E+00	+2.7200853E+01	+9.0000000E+01
+4.4512000E+00	+3.3487145E+01	+9.0000000E+01
+4.4561000E+00	+3.9955925E+01	+9.0000000E+01
+4.4610000E+00	+4.6628028E+01	+9.0000000E+01
+4.4659000E+00	+5.3524992E+01	+9.0000000E+01
+4.4708000E+00	+6.0671139E+01	+9.0000000E+01
+4.4757000E+00	+6.8093462E+01	+9.0000000E+01
+4.4806000E+00	+7.5822118E+01	+9.0000000E+01
+4.4855000E+00	+8.3890965E+01	+9.0000000E+01
+4.4904000E+00	+9.2338191E+01	+9.0000000E+01
+4.4953000E+00	+1.0120708E+02	+9.0000000E+01
+4.5002000E+00	+1.1054693E+02	+9.0000000E+01
+4.5051000E+00	+1.2041421E+02	+9.0000000E+01
+4.5100000E+00	+1.3087393E+02	+9.0000000E+01
+4.5149000E+00	+1.4200139E+02	+9.0000000E+01
+4.5198000E+00	+1.5388435E+02	+9.0000000E+01
+4.5247000E+00	+1.6662579E+02	+9.0000000E+01
+4.5296000E+00	+1.8034738E+02	+9.0000000E+01
+4.5345000E+00	+1.9519400E+02	+9.0000000E+01
+4.5394000E+00	+2.1133965E+02	+9.0000000E+01
+4.5443000E+00	+2.2899516E+02	+9.0000000E+01
+4.5492000E+00	+2.4841859E+02	+9.0000000E+01
+4.5541000E+00	+2.6992931E+02	+9.0000000E+01
+4.5590000E+00	+2.9392746E+02	+9.0000000E+01
+4.5639000E+00	+3.2092132E+02	+9.0000000E+01
+4.5688000E+00	+3.5156694E+02	+9.0000000E+01
+4.5737000E+00	+3.8672209E+02	+9.0000000E+01
+4.5786000E+00	+4.2754383E+02	+9.0000000E+01
+4.5835000E+00	+4.7561036E+02	+9.0000000E+01
+4.5884000E+00	+5.3314917E+02	+9.0000000E+01
+4.5933000E+00	+6.0340285E+02	+9.0000000E+01
+4.5982000E+00	+6.9128266E+02	+9.0000000E+01
+4.6031000E+00	+8.0460077E+02	+9.0000000E+01
+4.6080000E+00	+9.5658390E+02	+9.0000000E+01
+4.6129000E+00	+1.1715480E+03	+9.0000000E+01
+4.6178000E+00	+1.4996034E+03	+9.0000000E+01
+4.6227000E+00	+2.0632034E+03	+9.0000000E+01
+4.6276000E+00	+3.2614324E+03	+9.0000000E+01
+4.6325000E+00	+7.5648367E+03	+9.0000000E+01
+4.6374000E+00	+2.5640165E+04	-9.0000000E+01
+4.6423000E+00	+4.8227186E+03	-9.0000000E+01
+4.6472000E+00	+2.6793099E+03	-9.0000000E+01
+4.6521000E+00	+1.8622368E+03	-9.0000000E+01
+4.6570000E+00	+1.4306879E+03	-9.0000000E+01
+4.6619000E+00	+1.1634772E+03	-9.0000000E+01
+4.6668000E+00	+9.8149032E+02	-9.0000000E+01
+4.6717000E+00	+8.4931794E+02	-9.0000000E+01
+4.6766000E+00	+7.4880807E+02	-9.0000000E+01
+4.6815000E+00	+6.6966198E+02	-9.0000000E+01
+4.6864000E+00	+6.0560790E+02	-9.0000000E+01
+4.6913000E+00	+5.5260754E+02	-9.0000000E+01
+4.6962000E+00	+5.0794268E+02	-9.0000000E+01
+4.7011000E+00	+4.6971513E+02	-9.0000000E+01
+4.7060000E+00	+4.3657528E+02	-9.0000000E+01
+4.7109000E+00	+4.0748900E+02	-9.0000000E+01
+4.7158000E+00	+3.8171615E+02	-9.0000000E+01
+4.7207000E+00	+3.5866995E+02	-9.0000000E+01
+4.7256000E+00	+3.3789413E+02	-9.0000000E+01
+4.7305000E+00	+3.1902688E+02	-9.0000000E+01
+4.7354000E+00	+3.0177730E+02	-9.0000000E+01
+4.7403000E+00	+2.8590865E+02	-9.0000000E+01
+4.7452000E+00	+2.7122612E+02	-9.0000000E+01
+4.7501000E+00	+2.5756767E+02	-9.0000000E+01
+4.7550000E+00	+2.4479727E+02	-9.0000000E+01
+4.7599000E+00	+2.3280152E+02	-9.0000000E+01
+4.7648000E+00	+2.2147676E+02	-9.0000000E+01
+4.7697000E+00	+2.1074243E+02	-9.0000000E+01
+4.7746000E+00	+2.0052366E+02	-9.0000000E+01
+4.7795000E+00	+1.9075541E+02	-9.0000000E+01
+4.7844000E+00	+1.8138026E+02	-9.0000000E+01
+4.7893000E+00	+1.7234697E+02	-9.0000000E+01
+4.7942000E+00	+1.6360931E+02	-9.0000000E+01
+4.7991000E+00	+1.5512521E+02	-9.0000000E+01
+4.8040000E+00	+1.4685593E+02	-9.0000000E+01
+4.8089000E+00	+1.3876541E+02	-9.0000000E+01
+4.8138000E+00	+1.3081967E+02	-9.0000000E+01
+4.8187000E+00	+1.2298626E+02	-9.0000000E+01
+4.8236000E+00	+1.1523333E+02	-9.0000000E+01
+4.8285000E+00	+1.0753161E+02	-9.0000000E+01
+4.8334000E+00	+9.9848847E+01	-9.0000000E+01
+4.8383000E+00	+9.2154588E+01	-9.0000000E+01
+4.8432000E+00	+8.4417000E+01	-9.0000000E+01
+4.8481000E+00	+7.6602915E+01	-9.0000000E+01
+4.8530000E+00	+6.8677250E+01	-9.0000000E+01
+4.8579000E+00	+6.0602355E+01	-9.0000000E+01
+4.8628000E+00	+5.2337252E+01	-9.0000000E+01
+4.8677000E+00	+4.3836732E+01	-9.0000000E+01
+4.8726000E+00	+3.5050269E+01	-9.0000000E+01
+4.8775000E+00	+2.5920680E+01	-9.0000000E+01
+4.8824000E+00	+1.6382454E+01	-9.0000000E+01
+4.8873000E+00	+6.3596445E+00	-9.0000000E+01
+4.8922000E+00	+4.2368447E+00	+9.0000000E+01
+4.8971000E+00	+1.5512780E+01	+9.0000000E+01
+4.9020000E+00	+2.7595251E+01	+9.0000000E+01
+4.9069000E+00	+4.0638910E+01	+9.0000000E+01
+4.9118000E+00	+5.4834462E+01	+9.0000000E+01
+4.9167000E+00	+7.0420454E+01	+9.0000000E+01
+4.9216000E+00	+8.7699943E+01	+9.0000000E+01
+4.9265000E+00	+1.0706461E+02	+9.0000000E+01
+4.9314000E+00	+1.2903048E+02	+9.0000000E+01
+4.9363000E+00	+1.5429246E+02	+9.0000000E+01
+4.9412000E+00	+1.8381027E+02	+9.0000000E+01
+4.9461000E+00	+2.1894931E+02	+9.0000000E+01
+4.9510000E+00	+2.6165677E+02	+9.0000000E+01
+4.9559000E+00	+3.1521134E+02	+9.0000000E+01
+4.9608000E+00	+3.8445117E+02	+9.0000000E+01
+4.9657000E+00	+4.7815809E+02	+9.0000000E+01
+4.9706000E+00	+6.1295922E+02	+9.0000000E+01
+4.9755000E+00	+8.2497042E+02	+9.0000000E+01
+4.9804000E+00	+1.2102122E+03	+9.0000000E+01
+4.9853000E+00	+2.1369176E+03	+9.0000000E+01
+4.9902000E+00	+7.5588194E+03	+9.0000000E+01
+4.9951000E+00	+5.4109542E+03	-9.0000000E+01
+5.0000000E+00	+2.0536851E+03	-9.0000000E+01
