+1.0000000E-01	+1.0736755E+02	-9.0000000E+01
+1.0490000E-01	+1.0156284E+02	-9.0000000E+01
+1.0980000E-01	+9.6239622E+01	-9.0000000E+01
+1.1470000E-01	+9.1336084E+01	-9.0000000E+01
+1.1960000E-01	+8.6800553E+01	-9.0000000E+01
+1.2450000E-01	+8.2589485E+01	-9.0000000E+01
+1.2940000E-01	+7.8665931E+01	-9.0000000E+01
+1.3430000E-01	+7.4998329E+01	-9.0000000E+01
+1.3920000E-01	+7.1559559E+01	-9.0000000E+01
+1.4410000E-01	+6.8326187E+01	-9.0000000E+01
+1.4900000E-01	+6.5277860E+01	-9.0000000E+01
+1.5390000E-01	+6.2396810E+01	-9.0000000E+01
+1.5880000E-01	+5.9667463E+01	-9.0000000E+01
+1.6370000E-01	+5.7076104E+01	-9.0000000E+01
+1.6860000E-01	+5.4610611E+01	-9.0000000E+01
+1.7350000E-01	+5.2260227E+01	-9.0000000E+01
+1.7840000E-01	+5.0015375E+01	-9.0000000E+01
+1.8330000E-01	+4.7867497E+01	-9.0000000E+01
+1.8820000E-01	+4.5808925E+01	-9.0000000E+01
+1.9310000E-01	+4.3832766E+01	-9.0000000E+01
+1.9800000E-01	+4.1932806E+01	-9.0000000E+01
+2.0290000E-01	+4.0103429E+01	-9.0000000E+01
+2.0780000E-01	+3.8339545E+01	-9.0000000E+01
+2.1270000E-01	+3.6636529E+01	-9.0000000E+01
+2.1760000E-01	+3.4990172E+01	-9.0000000E+01
+2.2250000E-01	+3.3396631E+01	-9.0000000E+01
+2.2740000E-01	+3.1852392E+01	-9.0000000E+01
+2.3230000E-01	+3.0354235E+01	-9.0000000E+01
+2.3720000E-01	+2.8899202E+01	-9.0000000E+01
+2.4210000E-01	+2.7484572E+01	-9.0000000E+01
+2.4700000E-01	+2.6107836E+01	-9.0000000E+01
+2.5190000E-01	+2.4766680E+01	-9.0000000E+01
+2.5680000E-01	+2.3458961E+01	-9.0000000E+01
+2.6170000E-01	+2.2182694E+01	-9.0000000E+01
+2.6660000E-01	+2.0936037E+01	-9.0000000E+01
+2.7150000E-01	+1.9717278E+01	-9.0000000E+01
+2.7640000E-01	+1.8524824E+01	-9.0000000E+01
+2.8130000E-01	+1.7357190E+01	-9.0000000E+01
+2.8620000E-01	+1.6212987E+01	-9.0000000E+01
+2.9110000E-01	+1.5090920E+01	-9.0000000E+01
+2.9600000E-01	+1.3989774E+01	-9.0000000E+01
+3.0090000E-01	+1.2908411E+01	-9.0000000E+01
+3.0580000E-01	+1.1845763E+01	-9.0000000E+01
+3.1070000E-01	+1.0800825E+01	-9.0000000E+01
+3.1560000E-01	+9.7726516E+00	-9.0000000E+01
+3.2050000E-01	+8.7603527E+00	-9.0000000E+01
+3.2540000E-01	+7.7630874E+00	-9.0000000E+01
+3.3030000E-01	+6.7800615E+00	-9.0000000E+01
+3.3520000E-01	+5.8105240E+00	-9.0000000E+01
+3.4010000E-01	+4.8537633E+00	-9.0000000E+01
+3.4500000E-01	+3.9091048E+00	-9.0000000E+01
+3.4990000E-01	+2.9759081E+00	-9.0000000E+01
+3.5480000E-01	+2.0535643E+00	-9.0000000E+01
+3.5970000E-01	+1.1414940E+00	-9.0000000E+01
+3.6460000E-01	+2.3914510E-01	-9.0000000E+01
+3.6950000E-01	+6.5400921E-01	+9.0000000E+01
+3.7440000E-01	+1.5384721E+00	+9.0000000E+01
+3.7930000E-01	+2.4147249E+00	+9.0000000E+01
+3.8420000E-01	+3.2832284E+00	+9.0000000E+01
+3.8910000E-01	+4.1444246E+00	+9.0000000E+01
+3.9400000E-01	+4.9987378E+00	+9.0000000E+01
+3.9890000E-01	+5.8465758E+00	+9.0000000E+01
+4.0380000E-01	+6.6883312E+00	+9.0000000E+01
+4.0870000E-01	+7.5243825E+00	+9.0000000E+01
+4.1360000E-01	+8.3550950E+00	+9.0000000E+01
+4.1850000E-01	+9.1808217E+00	+9.0000000E+01
+4.2340000E-01	+1.0001904E+01	+9.0000000E+01
+4.2830000E-01	+1.0818674E+01	+9.0000000E+01
+4.3320000E-01	+1.1631452E+01	+9.0000000E+01
+4.3810000E-01	+1.2440551E+01	+9.0000000E+01
+4.4300000E-01	+1.3246276E+01	+9.0000000E+01
+4.4790000E-01	+1.4048922E+01	+9.0000000E+01
+4.5280000E-01	+1.4848780E+01	+9.0000000E+01
+4.5770000E-01	+1.5646134E+01	+9.0000000E+01
+4.6260000E-01	+1.6441259E+01	+9.0000000E+01
+4.6750000E-01	+1.7234430E+01	+9.0000000E+01
+4.7240000E-01	+1.8025913E+01	+9.0000000E+01
+4.7730000E-01	+1.8815972E+01	+9.0000000E+01
+4.8220000E-01	+1.9604867E+01	+9.0000000E+01
+4.8710000E-01	+2.0392855E+01	+9.0000000E+01
+4.9200000E-01	+2.1180190E+01	+9.0000000E+01
+4.9690000E-01	+2.1967124E+01	+9.0000000E+01
+5.0180000E-01	+2.2753907E+01	+9.0000000E+01
+5.0670000E-01	+2.3540788E+01	+9.0000000E+01
+5.1160000E-01	+2.4328015E+01	+9.0000000E+01
+5.1650000E-01	+2.5115836E+01	+9.0000000E+01
+5.2140000E-01	+2.5904498E+01	+9.0000000E+01
+5.2630000E-01	+2.6694249E+01	+9.0000000E+01
+5.3120000E-01	+2.7485339E+01	+9.0000000E+01
+5.3610000E-01	+2.8278019E+01	+9.0000000E+01
+5.4100000E-01	+2.9072540E+01	+9.0000000E+01
+5.4590000E-01	+2.9869158E+01	+9.0000000E+01
+5.5080000E-01	+3.0668131E+01	+9.0000000E+01
+5.5570000E-01	+3.1469719E+01	+9.0000000E+01
+5.6060000E-01	+3.2274188E+01	+9.0000000E+01
+5.6550000E-01	+3.3081806E+01	+9.0000000E+01
+5.7040000E-01	+3.3892848E+01	+9.0000000E+01
+5.7530000E-01	+3.4707594E+01	+9.0000000E+01
+5.8020000E-01	+3.5526329E+01	+9.0000000E+01
+5.8510000E-01	+3.6349346E+01	+9.0000000E+01
+5.9000000E-01	+3.7176946E+01	+9.0000000E+01
+5.9490000E-01	+3.8009435E+01	+9.0000000E+01
+5.9980000E-01	+3.8847131E+01	+9.0000000E+01
+6.0470000E-01	+3.9690360E+01	+9.0000000E+01
+6.0960000E-01	+4.0539459E+01	+9.0000000E+01
+6.1450000E-01	+4.1394776E+01	+9.0000000E+01
+6.1940000E-01	+4.2256673E+01	+9.0000000E+01
+6.2430000E-01	+4.3125521E+01	+9.0000000E+01
+6.2920000E-01	+4.4001709E+01	+9.0000000E+01
+6.3410000E-01	+4.4885641E+01	+9.0000000E+01
+6.3900000E-01	+4.5777737E+01	+9.0000000E+01
+6.4390000E-01	+4.6678434E+01	+9.0000000E+01
+6.4880000E-01	+4.7588191E+01	+9.0000000E+01
+6.5370000E-01	+4.8507485E+01	+9.0000000E+01
+6.5860000E-01	+4.9436819E+01	+9.0000000E+01
+6.6350000E-01	+5.0376718E+01	+9.0000000E+01
+6.6840000E-01	+5.1327735E+01	+9.0000000E+01
+6.7330000E-01	+5.2290450E+01	+9.0000000E+01
+6.7820000E-01	+5.3265476E+01	+9.0000000E+01
+6.8310000E-01	+5.4253459E+01	+9.0000000E+01
+6.8800000E-01	+5.5255081E+01	+9.0000000E+01
+6.9290000E-01	+5.6271063E+01	+9.0000000E+01
+6.9780000E-01	+5.7302171E+01	+9.0000000E+01
+7.0270000E-01	+5.8349217E+01	+9.0000000E+01
+7.0760000E-01	+5.9413061E+01	+9.0000000E+01
+7.1250000E-01	+6.0494622E+01	+9.0000000E+01
+7.1740000E-01	+6.1594878E+01	+9.0000000E+01
+7.2230000E-01	+6.2714874E+01	+9.0000000E+01
+7.2720000E-01	+6.3855724E+01	+9.0000000E+01
+7.3210000E-01	+6.5018624E+01	+9.0000000E+01
+7.3700000E-01	+6.6204856E+01	+9.0000000E+01
+7.4190000E-01	+6.7415798E+01	+9.0000000E+01
+7.4680000E-01	+6.8652930E+01	+9.0000000E+01
+7.5170000E-01	+6.9917851E+01	+9.0000000E+01
+7.5660000E-01	+7.1212286E+01	+9.0000000E+01
+7.6150000E-01	+7.2538101E+01	+9.0000000E+01
+7.6640000E-01	+7.3897320E+01	+9.0000000E+01
+7.7130000E-01	+7.5292142E+01	+9.0000000E+01
+7.7620000E-01	+7.6724957E+01	+9.0000000E+01
+7.8110000E-01	+7.8198375E+01	+9.0000000E+01
+7.8600000E-01	+7.9715247E+01	+9.0000000E+01
+7.9090000E-01	+8.1278697E+01	+9.0000000E+01
+7.9580000E-01	+8.2892156E+01	+9.0000000E+01
+8.0070000E-01	+8.4559400E+01	+9.0000000E+01
+8.0560000E-01	+8.6284596E+01	+9.0000000E+01
+8.1050000E-01	+8.8072358E+01	+9.0000000E+01
+8.1540000E-01	+8.9927804E+01	+9.0000000E+01
+8.2030000E-01	+9.1856632E+01	+9.0000000E+01
+8.2520000E-01	+9.3865204E+01	+9.0000000E+01
+8.3010000E-01	+9.5960646E+01	+9.0000000E+01
+8.3500000E-01	+9.8150973E+01	+9.0000000E+01
+8.3990000E-01	+1.0044522E+02	+9.0000000E+01
+8.4480000E-01	+1.0285364E+02	+9.0000000E+01
+8.4970000E-01	+1.0538786E+02	+9.0000000E+01
+8.5460000E-01	+1.0806121E+02	+9.0000000E+01
+8.5950000E-01	+1.1088895E+02	+9.0000000E+01
+8.6440000E-01	+1.1388871E+02	+9.0000000E+01
+8.6930000E-01	+1.1708094E+02	+9.0000000E+01
+8.7420000E-01	+1.2048947E+02	+9.0000000E+01
+8.7910000E-01	+1.2414231E+02	+9.0000000E+01
+8.8400000E-01	+1.2807257E+02	+9.0000000E+01
+8.8890000E-01	+1.3231967E+02	+9.0000000E+01
+8.9380000E-01	+1.3693093E+02	+9.0000000E+01
+8.9870000E-01	+1.4196368E+02	+9.0000000E+01
+9.0360000E-01	+1.4748803E+02	+9.0000000E+01
+9.0850000E-01	+1.5359067E+02	+9.0000000E+01
+9.1340000E-01	+1.6038006E+02	+9.0000000E+01
+9.1830000E-01	+1.6799376E+02	+9.0000000E+01
+9.2320000E-01	+1.7660887E+02	+9.0000000E+01
+9.2810000E-01	+1.8645734E+02	+9.0000000E+01
+9.3300000E-01	+1.9784907E+02	+9.0000000E+01
+9.3790000E-01	+2.1120756E+02	+9.0000000E+01
+9.4280000E-01	+2.2712733E+02	+9.0000000E+01
+9.4770000E-01	+2.4646993E+02	+9.0000000E+01
+9.5260000E-01	+2.7053280E+02	+9.0000000E+01
+9.5750000E-01	+3.0136501E+02	+9.0000000E+01
+9.6240000E-01	+3.4240370E+02	+9.0000000E+01
+9.6730000E-01	+3.9988917E+02	+9.0000000E+01
+9.7220000E-01	+4.8645454E+02	+9.0000000E+01
+9.7710000E-01	+6.3213077E+02	+9.0000000E+01
+9.8200000E-01	+9.3002237E+02	+9.0000000E+01
+9.8690000E-01	+1.8849729E+03	+9.0000000E+01
+9.9180000E-01	+1.7143205E+04	-9.0000000E+01
+9.9670000E-01	+1.4312419E+03	-9.0000000E+01
+1.0016000E+00	+7.1445208E+02	-9.0000000E+01
+1.0065000E+00	+4.6028140E+02	-9.0000000E+01
+1.0114000E+00	+3.2985176E+02	-9.0000000E+01
+1.0163000E+00	+2.5030639E+02	-9.0000000E+01
+1.0212000E+00	+1.9659860E+02	-9.0000000E+01
+1.0261000E+00	+1.5780141E+02	-9.0000000E+01
+1.0310000E+00	+1.2838677E+02	-9.0000000E+01
+1.0359000E+00	+1.0525771E+02	-9.0000000E+01
+1.0408000E+00	+8.6544249E+01	-9.0000000E+01
+1.0457000E+00	+7.1050496E+01	-9.0000000E+01
+1.0506000E+00	+5.7975988E+01	-9.0000000E+01
+1.0555000E+00	+4.6764711E+01	-9.0000000E+01
+1.0604000E+00	+3.7018386E+01	-9.0000000E+01
+1.0653000E+00	+2.8444223E+01	-9.0000000E+01
+1.0702000E+00	+2.0822150E+01	-9.0000000E+01
+1.0751000E+00	+1.3983541E+01	-9.0000000E+01
+1.0800000E+00	+7.7970025E+00	-9.0000000E+01
+1.0849000E+00	+2.1586228E+00	-9.0000000E+01
+1.0898000E+00	+3.0148687E+00	+9.0000000E+01
+1.0947000E+00	+7.7909943E+00	+9.0000000E+01
+1.0996000E+00	+1.2225093E+01	+9.0000000E+01
+1.1045000E+00	+1.6362958E+01	+9.0000000E+01
+1.1094000E+00	+2.0242823E+01	+9.0000000E+01
+1.1143000E+00	+2.3896864E+01	+9.0000000E+01
+1.1192000E+00	+2.7352365E+01	+9.0000000E+01
+1.1241000E+00	+3.0632621E+01	+9.0000000E+01
+1.1290000E+00	+3.3757650E+01	+9.0000000E+01
+1.1339000E+00	+3.6744757E+01	+9.0000000E+01
+1.1388000E+00	+3.9608985E+01	+9.0000000E+01
+1.1437000E+00	+4.2363480E+01	+9.0000000E+01
+1.1486000E+00	+4.5019792E+01	+9.0000000E+01
+1.1535000E+00	+4.7588112E+01	+9.0000000E+01
+1.1584000E+00	+5.0077475E+01	+9.0000000E+01
+1.1633000E+00	+5.2495927E+01	+9.0000000E+01
+1.1682000E+00	+5.4850664E+01	+9.0000000E+01
+1.1731000E+00	+5.7148145E+01	+9.0000000E+01
+1.1780000E+00	+5.9394192E+01	+9.0000000E+01
+1.1829000E+00	+6.1594074E+01	+9.0000000E+01
+1.1878000E+00	+6.3752576E+01	+9.0000000E+01
+1.1927000E+00	+6.5874062E+01	+9.0000000E+01
+1.1976000E+00	+6.7962522E+01	+9.0000000E+01
+1.2025000E+00	+7.0021622E+01	+9.0000000E+01
+1.2074000E+00	+7.2054740E+01	+9.0000000E+01
+1.2123000E+00	+7.4065001E+01	+9.0000000E+01
+1.2172000E+00	+7.6055303E+01	+9.0000000E+01
+1.2221000E+00	+7.8028349E+01	+9.0000000E+01
+1.2270000E+00	+7.9986664E+01	+9.0000000E+01
+1.2319000E+00	+8.1932616E+01	+9.0000000E+01
+1.2368000E+00	+8.3868436E+01	+9.0000000E+01
+1.2417000E+00	+8.5796234E+01	+9.0000000E+01
+1.2466000E+00	+8.7718007E+01	+9.0000000E+01
+1.2515000E+00	+8.9635660E+01	+9.0000000E+01
+1.2564000E+00	+9.1551012E+01	+9.0000000E+01
+1.2613000E+00	+9.3465806E+01	+9.0000000E+01
+1.2662000E+00	+9.5381721E+01	+9.0000000E+01
+1.2711000E+00	+9.7300378E+01	+9.0000000E+01
+1.2760000E+00	+9.9223350E+01	+9.0000000E+01
+1.2809000E+00	+1.0115217E+02	+9.0000000E+01
+1.2858000E+00	+1.0308832E+02	+9.0000000E+01
+1.2907000E+00	+1.0503328E+02	+9.0000000E+01
+1.2956000E+00	+1.0698848E+02	+9.0000000E+01
+1.3005000E+00	+1.0895535E+02	+9.0000000E+01
+1.3054000E+00	+1.1093530E+02	+9.0000000E+01
+1.3103000E+00	+1.1292971E+02	+9.0000000E+01
+1.3152000E+00	+1.1493999E+02	+9.0000000E+01
+1.3201000E+00	+1.1696753E+02	+9.0000000E+01
+1.3250000E+00	+1.1901373E+02	+9.0000000E+01
+1.3299000E+00	+1.2108000E+02	+9.0000000E+01
+1.3348000E+00	+1.2316775E+02	+9.0000000E+01
+1.3397000E+00	+1.2527842E+02	+9.0000000E+01
+1.3446000E+00	+1.2741346E+02	+9.0000000E+01
+1.3495000E+00	+1.2957436E+02	+9.0000000E+01
+1.3544000E+00	+1.3176262E+02	+9.0000000E+01
+1.3593000E+00	+1.3397978E+02	+9.0000000E+01
+1.3642000E+00	+1.3622742E+02	+9.0000000E+01
+1.3691000E+00	+1.3850715E+02	+9.0000000E+01
+1.3740000E+00	+1.4082065E+02	+9.0000000E+01
+1.3789000E+00	+1.4316961E+02	+9.0000000E+01
+1.3838000E+00	+1.4555580E+02	+9.0000000E+01
+1.3887000E+00	+1.4798106E+02	+9.0000000E+01
+1.3936000E+00	+1.5044726E+02	+9.0000000E+01
+1.3985000E+00	+1.5295637E+02	+9.0000000E+01
+1.4034000E+00	+1.5551042E+02	+9.0000000E+01
+1.4083000E+00	+1.5811153E+02	+9.0000000E+01
+1.4132000E+00	+1.6076191E+02	+9.0000000E+01
+1.4181000E+00	+1.6346384E+02	+9.0000000E+01
+1.4230000E+00	+1.6621973E+02	+9.0000000E+01
+1.4279000E+00	+1.6903209E+02	+9.0000000E+01
+1.4328000E+00	+1.7190355E+02	+9.0000000E+01
+1.4377000E+00	+1.7483686E+02	+9.0000000E+01
+1.4426000E+00	+1.7783491E+02	+9.0000000E+01
+1.4475000E+00	+1.8090074E+02	+9.0000000E+01
+1.4524000E+00	+1.8403755E+02	+9.0000000E+01
+1.4573000E+00	+1.8724871E+02	+9.0000000E+01
+1.4622000E+00	+1.9053775E+02	+9.0000000E+01
+1.4671000E+00	+1.9390844E+02	+9.0000000E+01
+1.4720000E+00	+1.9736474E+02	+9.0000000E+01
+1.4769000E+00	+2.0091082E+02	+9.0000000E+01
+1.4818000E+00	+2.0455114E+02	+9.0000000E+01
+1.4867000E+00	+2.0829040E+02	+9.0000000E+01
+1.4916000E+00	+2.1213360E+02	+9.0000000E+01
+1.4965000E+00	+2.1608606E+02	+9.0000000E+01
+1.5014000E+00	+2.2015342E+02	+9.0000000E+01
+1.5063000E+00	+2.2434172E+02	+9.0000000E+01
+1.5112000E+00	+2.2865738E+02	+9.0000000E+01
+1.5161000E+00	+2.3310726E+02	+9.0000000E+01
+1.5210000E+00	+2.3769873E+02	+9.0000000E+01
+1.5259000E+00	+2.4243962E+02	+9.0000000E+01
+1.5308000E+00	+2.4733839E+02	+9.0000000E+01
+1.5357000E+00	+2.5240409E+02	+9.0000000E+01
+1.5406000E+00	+2.5764645E+02	+9.0000000E+01
+1.5455000E+00	+2.6307597E+02	+9.0000000E+01
+1.5504000E+00	+2.6870395E+02	+9.0000000E+01
+1.5553000E+00	+2.7454261E+02	+9.0000000E+01
+1.5602000E+00	+2.8060517E+02	+9.0000000E+01
+1.5651000E+00	+2.8690596E+02	+9.0000000E+01
+1.5700000E+00	+2.9346052E+02	+9.0000000E+01
+1.5749000E+00	+3.0028578E+02	+9.0000000E+01
+1.5798000E+00	+3.0740015E+02	+9.0000000E+01
+1.5847000E+00	+3.1482376E+02	+9.0000000E+01
+1.5896000E+00	+3.2257860E+02	+9.0000000E+01
+1.5945000E+00	+3.3068881E+02	+9.0000000E+01
+1.5994000E+00	+3.3918087E+02	+9.0000000E+01
+1.6043000E+00	+3.4808397E+02	+9.0000000E+01
+1.6092000E+00	+3.5743032E+02	+9.0000000E+01
+1.6141000E+00	+3.6725548E+02	+9.0000000E+01
+1.6190000E+00	+3.7759915E+02	+9.0000000E+01
+1.6239000E+00	+3.8850522E+02	+9.0000000E+01
+1.6288000E+00	+4.0002281E+02	+9.0000000E+01
+1.6337000E+00	+4.1220687E+02	+9.0000000E+01
+1.6386000E+00	+4.2511914E+02	+9.0000000E+01
+1.6435000E+00	+4.3882919E+02	+9.0000000E+01
+1.6484000E+00	+4.5341572E+02	+9.0000000E+01
+1.6533000E+00	+4.6896811E+02	+9.0000000E+01
+1.6582000E+00	+4.8558830E+02	+9.0000000E+01
+1.6631000E+00	+5.0339307E+02	+9.0000000E+01
+1.6680000E+00	+5.2251685E+02	+9.0000000E+01
+1.6729000E+00	+5.4311518E+02	+9.0000000E+01
+1.6778000E+00	+5.6536905E+02	+9.0000000E+01
+1.6827000E+00	+5.8949030E+02	+9.0000000E+01
+1.6876000E+00	+6.1572847E+02	+9.0000000E+01
+1.6925000E+00	+6.4437964E+02	+9.0000000E+01
+1.6974000E+00	+6.7579778E+02	+9.0000000E+01
+1.7023000E+00	+7.1040960E+02	+9.0000000E+01
+1.7072000E+00	+7.4873429E+02	+9.0000000E+01
+1.7121000E+00	+7.9141000E+02	+9.0000000E+01
+1.7170000E+00	+8.3922997E+02	+9.0000000E+01
+1.7219000E+00	+8.9319272E+02	+9.0000000E+01
+1.7268000E+00	+9.5457305E+02	+9.0000000E+01
+1.7317000E+00	+1.0250246E+03	+9.0000000E+01
+1.7366000E+00	+1.1067322E+03	+9.0000000E+01
+1.7415000E+00	+1.2026433E+03	+9.0000000E+01
+1.7464000E+00	+1.3168328E+03	+9.0000000E+01
+1.7513000E+00	+1.4550992E+03	+9.0000000E+01
+1.7562000E+00	+1.6259839E+03	+9.0000000E+01
+1.7611000E+00	+1.8426098E+03	+9.0000000E+01
+1.7660000E+00	+2.1262297E+03	+9.0000000E+01
+1.7709000E+00	+2.5136754E+03	+9.0000000E+01
+1.7758000E+00	+3.0748360E+03	+9.0000000E+01
+1.7807000E+00	+3.9604738E+03	+9.0000000E+01
+1.7856000E+00	+5.5668186E+03	+9.0000000E+01
+1.7905000E+00	+9.3780985E+03	+9.0000000E+01
+1.7954000E+00	+2.9877253E+04	+9.0000000E+01
+1.8003000E+00	+2.5088225E+04	-9.0000000E+01
+1.8052000E+00	+8.8207321E+03	-9.0000000E+01
+1.8101000E+00	+5.3455489E+03	-9.0000000E+01
+1.8150000E+00	+3.8317370E+03	-9.0000000E+01
+1.8199000E+00	+2.9841682E+03	-9.0000000E+01
+1.8248000E+00	+2.4422736E+03	-9.0000000E+01
+1.8297000E+00	+2.0659054E+03	-9.0000000E+01
+1.8346000E+00	+1.7892325E+03	-9.0000000E+01
+1.8395000E+00	+1.5772462E+03	-9.0000000E+01
+1.8444000E+00	+1.4096116E+03	-9.0000000E+01
+1.8493000E+00	+1.2737086E+03	-9.0000000E+01
+1.8542000E+00	+1.1612900E+03	-9.0000000E+01
+1.8591000E+00	+1.0667389E+03	-9.0000000E+01
+1.8640000E+00	+9.8609711E+02	-9.0000000E+01
+1.8689000E+00	+9.1649523E+02	-9.0000000E+01
+1.8738000E+00	+8.5580223E+02	-9.0000000E+01
+1.8787000E+00	+8.0240232E+02	-9.0000000E+01
+1.8836000E+00	+7.5504813E+02	-9.0000000E+01
+1.8885000E+00	+7.1276135E+02	-9.0000000E+01
+1.8934000E+00	+6.7476390E+02	-9.0000000E+01
+1.8983000E+00	+6.4042918E+02	-9.0000000E+01
+1.9032000E+00	+6.0924694E+02	-9.0000000E+01
+1.9081000E+00	+5.8079745E+02	-9.0000000E+01
+1.9130000E+00	+5.5473229E+02	-9.0000000E+01
+1.9179000E+00	+5.3075980E+02	-9.0000000E+01
+1.9228000E+00	+5.0863402E+02	-9.0000000E+01
+1.9277000E+00	+4.8814600E+02	-9.0000000E+01
+1.9326000E+00	+4.6911717E+02	-9.0000000E+01
+1.9375000E+00	+4.5139397E+02	-9.0000000E+01
+1.9424000E+00	+4.3484359E+02	-9.0000000E+01
+1.9473000E+00	+4.1935065E+02	-9.0000000E+01
+1.9522000E+00	+4.0481437E+02	-9.0000000E+01
+1.9571000E+00	+3.9114636E+02	-9.0000000E+01
+1.9620000E+00	+3.7826874E+02	-9.0000000E+01
+1.9669000E+00	+3.6611269E+02	-9.0000000E+01
+1.9718000E+00	+3.5461707E+02	-9.0000000E+01
+1.9767000E+00	+3.4372747E+02	-9.0000000E+01
+1.9816000E+00	+3.3339524E+02	-9.0000000E+01
+1.9865000E+00	+3.2357679E+02	-9.0000000E+01
+1.9914000E+00	+3.1423293E+02	-9.0000000E+01
+1.9963000E+00	+3.0532832E+02	-9.0000000E+01
+2.0012000E+00	+2.9683102E+02	-9.0000000E+01
+2.0061000E+00	+2.8871209E+02	-9.0000000E+01
+2.0110000E+00	+2.8094523E+02	-9.0000000E+01
+2.0159000E+00	+2.7350651E+02	-9.0000000E+01
+2.0208000E+00	+2.6637408E+02	-9.0000000E+01
+2.0257000E+00	+2.5952797E+02	-9.0000000E+01
+2.0306000E+00	+2.5294987E+02	-9.0000000E+01
+2.0355000E+00	+2.4662298E+02	-9.0000000E+01
+2.0404000E+00	+2.4053185E+02	-9.0000000E+01
+2.0453000E+00	+2.3466224E+02	-9.0000000E+01
+2.0502000E+00	+2.2900100E+02	-9.0000000E+01
+2.0551000E+00	+2.2353598E+02	-9.0000000E+01
+2.0600000E+00	+2.1825593E+02	-9.0000000E+01
+2.0649000E+00	+2.1315042E+02	-9.0000000E+01
+2.0698000E+00	+2.0820974E+02	-9.0000000E+01
+2.0747000E+00	+2.0342488E+02	-9.0000000E+01
+2.0796000E+00	+1.9878744E+02	-9.0000000E+01
+2.0845000E+00	+1.9428958E+02	-9.0000000E+01
+2.0894000E+00	+1.8992397E+02	-9.0000000E+01
+2.0943000E+00	+1.8568378E+02	-9.0000000E+01
+2.0992000E+00	+1.8156258E+02	-9.0000000E+01
+2.1041000E+00	+1.7755436E+02	-9.0000000E+01
+2.1090000E+00	+1.7365347E+02	-9.0000000E+01
+2.1139000E+00	+1.6985460E+02	-9.0000000E+01
+2.1188000E+00	+1.6615275E+02	-9.0000000E+01
+2.1237000E+00	+1.6254320E+02	-9.0000000E+01
+2.1286000E+00	+1.5902151E+02	-9.0000000E+01
+2.1335000E+00	+1.5558349E+02	-9.0000000E+01
+2.1384000E+00	+1.5222515E+02	-9.0000000E+01
+2.1433000E+00	+1.4894273E+02	-9.0000000E+01
+2.1482000E+00	+1.4573266E+02	-9.0000000E+01
+2.1531000E+00	+1.4259156E+02	-9.0000000E+01
+2.1580000E+00	+1.3951620E+02	-9.0000000E+01
+2.1629000E+00	+1.3650353E+02	-9.0000000E+01
+2.1678000E+00	+1.3355061E+02	-9.0000000E+01
+2.1727000E+00	+1.3065466E+02	-9.0000000E+01
+2.1776000E+00	+1.2781301E+02	-9.0000000E+01
+2.1825000E+00	+1.2502313E+02	-9.0000000E+01
+2.1874000E+00	+1.2228255E+02	-9.0000000E+01
+2.1923000E+00	+1.1958895E+02	-9.0000000E+01
+2.1972000E+00	+1.1694007E+02	-9.0000000E+01
+2.2021000E+00	+1.1433373E+02	-9.0000000E+01
+2.2070000E+00	+1.1176785E+02	-9.0000000E+01
+2.2119000E+00	+1.0924041E+02	-9.0000000E+01
+2.2168000E+00	+1.0674946E+02	-9.0000000E+01
+2.2217000E+00	+1.0429309E+02	-9.0000000E+01
+2.2266000E+00	+1.0186947E+02	-9.0000000E+01
+2.2315000E+00	+9.9476804E+01	-9.0000000E+01
+2.2364000E+00	+9.7113350E+01	-9.0000000E+01
+2.2413000E+00	+9.4777398E+01	-9.0000000E+01
+2.2462000E+00	+9.2467274E+01	-9.0000000E+01
+2.2511000E+00	+9.0181333E+01	-9.0000000E+01
+2.2560000E+00	+8.7917957E+01	-9.0000000E+01
+2.2609000E+00	+8.5675547E+01	-9.0000000E+01
+2.2658000E+00	+8.3452519E+01	-9.0000000E+01
+2.2707000E+00	+8.1247301E+01	-9.0000000E+01
+2.2756000E+00	+7.9058317E+01	-9.0000000E+01
+2.2805000E+00	+7.6883879E+01	-9.0000000E+01
+2.2854000E+00	+7.4722999E+01	-9.0000000E+01
+2.2903000E+00	+7.2573327E+01	-9.0000000E+01
+2.2952000E+00	+7.0433640E+01	-9.0000000E+01
+2.3001000E+00	+6.8302300E+01	-9.0000000E+01
+2.3050000E+00	+6.6177668E+01	-9.0000000E+01
+2.3099000E+00	+6.4058075E+01	-9.0000000E+01
+2.3148000E+00	+6.1941813E+01	-9.0000000E+01
+2.3197000E+00	+5.9827130E+01	-9.0000000E+01
+2.3246000E+00	+5.7712219E+01	-9.0000000E+01
+2.3295000E+00	+5.5595210E+01	-9.0000000E+01
+2.3344000E+00	+5.3474160E+01	-9.0000000E+01
+2.3393000E+00	+5.1347046E+01	-9.0000000E+01
+2.3442000E+00	+4.9211748E+01	-9.0000000E+01
+2.3491000E+00	+4.7066040E+01	-9.0000000E+01
+2.3540000E+00	+4.4907576E+01	-9.0000000E+01
+2.3589000E+00	+4.2733873E+01	-9.0000000E+01
+2.3638000E+00	+4.0542293E+01	-9.0000000E+01
+2.3687000E+00	+3.8330025E+01	-9.0000000E+01
+2.3736000E+00	+3.6094058E+01	-9.0000000E+01
+2.3785000E+00	+3.3831163E+01	-9.0000000E+01
+2.3834000E+00	+3.1537858E+01	-9.0000000E+01
+2.3883000E+00	+2.9210375E+01	-9.0000000E+01
+2.3932000E+00	+2.6844625E+01	-9.0000000E+01
+2.3981000E+00	+2.4436153E+01	-9.0000000E+01
+2.4030000E+00	+2.1980086E+01	-9.0000000E+01
+2.4079000E+00	+1.9471074E+01	-9.0000000E+01
+2.4128000E+00	+1.6903224E+01	-9.0000000E+01
+2.4177000E+00	+1.4270017E+01	-9.0000000E+01
+2.4226000E+00	+1.1564214E+01	-9.0000000E+01
+2.4275000E+00	+8.7777466E+00	-9.0000000E+01
+2.4324000E+00	+5.9015793E+00	-9.0000000E+01
+2.4373000E+00	+2.9255552E+00	-9.0000000E+01
+2.4422000E+00	+1.6179649E-01	+9.0000000E+01
+2.4471000E+00	+3.3734903E+00	+9.0000000E+01
+2.4520000E+00	+6.7243643E+00	+9.0000000E+01
+2.4569000E+00	+1.0231423E+01	+9.0000000E+01
+2.4618000E+00	+1.3914258E+01	+9.0000000E+01
+2.4667000E+00	+1.7795576E+01	+9.0000000E+01
+2.4716000E+00	+2.1901852E+01	+9.0000000E+01
+2.4765000E+00	+2.6264159E+01	+9.0000000E+01
+2.4814000E+00	+3.0919239E+01	+9.0000000E+01
+2.4863000E+00	+3.5910825E+01	+9.0000000E+01
+2.4912000E+00	+4.1291498E+01	+9.0000000E+01
+2.4961000E+00	+4.7124955E+01	+9.0000000E+01
+2.5010000E+00	+5.3489195E+01	+9.0000000E+01
+2.5059000E+00	+6.0480769E+01	+9.0000000E+01
+2.5108000E+00	+6.8220675E+01	+9.0000000E+01
+2.5157000E+00	+7.6862636E+01	+9.0000000E+01
+2.5206000E+00	+8.6604998E+01	+9.0000000E+01
+2.5255000E+00	+9.7708219E+01	+9.0000000E+01
+2.5304000E+00	+1.1052128E+02	+9.0000000E+01
+2.5353000E+00	+1.2552281E+02	+9.0000000E+01
+2.5402000E+00	+1.4338755E+02	+9.0000000E+01
+2.5451000E+00	+1.6509827E+02	+9.0000000E+01
+2.5500000E+00	+1.9214428E+02	+9.0000000E+01
+2.5549000E+00	+2.2689612E+02	+9.0000000E+01
+2.5598000E+00	+2.7337066E+02	+9.0000000E+01
+2.5647000E+00	+3.3896077E+02	+9.0000000E+01
+2.5696000E+00	+4.3892564E+02	+9.0000000E+01
+2.5745000E+00	+6.1064601E+02	+9.0000000E+01
+2.5794000E+00	+9.7650027E+02	+9.0000000E+01
+2.5843000E+00	+2.3036992E+03	+9.0000000E+01
+2.5892000E+00	+7.3813103E+03	-9.0000000E+01
+2.5941000E+00	+1.4547345E+03	-9.0000000E+01
+2.5990000E+00	+8.1685231E+02	-9.0000000E+01
+2.6039000E+00	+5.7203983E+02	-9.0000000E+01
+2.6088000E+00	+4.4224080E+02	-9.0000000E+01
+2.6137000E+00	+3.6162039E+02	-9.0000000E+01
+2.6186000E+00	+3.0653961E+02	-9.0000000E+01
+2.6235000E+00	+2.6641802E+02	-9.0000000E+01
+2.6284000E+00	+2.3581073E+02	-9.0000000E+01
+2.6333000E+00	+2.1162963E+02	-9.0000000E+01
+2.6382000E+00	+1.9199276E+02	-9.0000000E+01
+2.6431000E+00	+1.7568779E+02	-9.0000000E+01
+2.6480000E+00	+1.6189848E+02	-9.0000000E+01
+2.6529000E+00	+1.5005516E+02	-9.0000000E+01
+2.6578000E+00	+1.3974811E+02	-9.0000000E+01
+2.6627000E+00	+1.3067511E+02	-9.0000000E+01
+2.6676000E+00	+1.2260833E+02	-9.0000000E+01
+2.6725000E+00	+1.1537278E+02	-9.0000000E+01
+2.6774000E+00	+1.0883179E+02	-9.0000000E+01
+2.6823000E+00	+1.0287711E+02	-9.0000000E+01
+2.6872000E+00	+9.7421805E+01	-9.0000000E+01
+2.6921000E+00	+9.2395326E+01	-9.0000000E+01
+2.6970000E+00	+8.7739768E+01	-9.0000000E+01
+2.7019000E+00	+8.3407168E+01	-9.0000000E+01
+2.7068000E+00	+7.9357458E+01	-9.0000000E+01
+2.7117000E+00	+7.5556894E+01	-9.0000000E+01
+2.7166000E+00	+7.1976856E+01	-9.0000000E+01
+2.7215000E+00	+6.8592902E+01	-9.0000000E+01
+2.7264000E+00	+6.5384034E+01	-9.0000000E+01
+2.7313000E+00	+6.2332106E+01	-9.0000000E+01
+2.7362000E+00	+5.9421351E+01	-9.0000000E+01
+2.7411000E+00	+5.6638002E+01	-9.0000000E+01
+2.7460000E+00	+5.3969984E+01	-9.0000000E+01
+2.7509000E+00	+5.1406652E+01	-9.0000000E+01
+2.7558000E+00	+4.8938589E+01	-9.0000000E+01
+2.7607000E+00	+4.6557431E+01	-9.0000000E+01
+2.7656000E+00	+4.4255715E+01	-9.0000000E+01
+2.7705000E+00	+4.2026765E+01	-9.0000000E+01
+2.7754000E+00	+3.9864587E+01	-9.0000000E+01
+2.7803000E+00	+3.7763779E+01	-9.0000000E+01
+2.7852000E+00	+3.5719461E+01	-9.0000000E+01
+2.7901000E+00	+3.3727207E+01	-9.0000000E+01
+2.7950000E+00	+3.1782997E+01	-9.0000000E+01
+2.7999000E+00	+2.9883164E+01	-9.0000000E+01
+2.8048000E+00	+2.8024356E+01	-9.0000000E+01
+2.8097000E+00	+2.6203501E+01	-9.0000000E+01
+2.8146000E+00	+2.4417778E+01	-9.0000000E+01
+2.8195000E+00	+2.2664587E+01	-9.0000000E+01
+2.8244000E+00	+2.0941528E+01	-9.0000000E+01
+2.8293000E+00	+1.9246377E+01	-9.0000000E+01
+2.8342000E+00	+1.7577073E+01	-9.0000000E+01
+2.8391000E+00	+1.5931694E+01	-9.0000000E+01
+2.8440000E+00	+1.4308468E+01	-9.0000000E+01
+2.8489000E+00	+1.2705709E+01	-9.0000000E+01
+2.8538000E+00	+1.1121858E+01	-9.0000000E+01
+2.8587000E+00	+9.5554471E+00	-9.0000000E+01
+2.8636000E+00	+8.0050967E+00	-9.0000000E+01
+2.8685000E+00	+6.4695044E+00	-9.0000000E+01
+2.8734000E+00	+4.9474404E+00	-9.0000000E+01
+2.8783000E+00	+3.4377394E+00	-9.0000000E+01
+2.8832000E+00	+1.9392990E+00	-9.0000000E+01
+2.8881000E+00	+4.5106120E-01	-9.0000000E+01
+2.8930000E+00	+1.0279727E+00	+9.0000000E+01
+2.8979000E+00	+2.4987621E+00	+9.0000000E+01
+2.9028000E+00	+3.9622249E+00	+9.0000000E+01
+2.9077000E+00	+5.4192426E+00	+9.0000000E+01
+2.9126000E+00	+6.8706634E+00	+9.0000000E+01
+2.9175000E+00	+8.3173056E+00	+9.0000000E+01
+2.9224000E+00	+9.7599613E+00	+9.0000000E+01
+2.9273000E+00	+1.1199353E+01	+9.0000000E+01
+2.9322000E+00	+1.2636338E+01	+9.0000000E+01
+2.9371000E+00	+1.4071539E+01	+9.0000000E+01
+2.9420000E+00	+1.5505694E+01	+9.0000000E+01
+2.9469000E+00	+1.6939493E+01	+9.0000000E+01
+2.9518000E+00	+1.8373614E+01	+9.0000000E+01
+2.9567000E+00	+1.9808724E+01	+9.0000000E+01
+2.9616000E+00	+2.1245478E+01	+9.0000000E+01
+2.9665000E+00	+2.2684524E+01	+9.0000000E+01
+2.9714000E+00	+2.4126501E+01	+9.0000000E+01
+2.9763000E+00	+2.5572044E+01	+9.0000000E+01
+2.9812000E+00	+2.7021785E+01	+9.0000000E+01
+2.9861000E+00	+2.8476350E+01	+9.0000000E+01
+2.9910000E+00	+2.9936366E+01	+9.0000000E+01
+2.9959000E+00	+3.1402459E+01	+9.0000000E+01
+3.0008000E+00	+3.2875258E+01	+9.0000000E+01
+3.0057000E+00	+3.4355391E+01	+9.0000000E+01
+3.0106000E+00	+3.5843492E+01	+9.0000000E+01
+3.0155000E+00	+3.7340200E+01	+9.0000000E+01
+3.0204000E+00	+3.8846159E+01	+9.0000000E+01
+3.0253000E+00	+4.0362021E+01	+9.0000000E+01
+3.0302000E+00	+4.1888445E+01	+9.0000000E+01
+3.0351000E+00	+4.3426102E+01	+9.0000000E+01
+3.0400000E+00	+4.4975672E+01	+9.0000000E+01
+3.0449000E+00	+4.6537850E+01	+9.0000000E+01
+3.0498000E+00	+4.8113341E+01	+9.0000000E+01
+3.0547000E+00	+4.9702867E+01	+9.0000000E+01
+3.0596000E+00	+5.1307167E+01	+9.0000000E+01
+3.0645000E+00	+5.2926996E+01	+9.0000000E+01
+3.0694000E+00	+5.4563130E+01	+9.0000000E+01
+3.0743000E+00	+5.6216362E+01	+9.0000000E+01
+3.0792000E+00	+5.7887513E+01	+9.0000000E+01
+3.0841000E+00	+5.9577423E+01	+9.0000000E+01
+3.0890000E+00	+6.1286960E+01	+9.0000000E+01
+3.0939000E+00	+6.3017019E+01	+9.0000000E+01
+3.0988000E+00	+6.4768526E+01	+9.0000000E+01
+3.1037000E+00	+6.6542435E+01	+9.0000000E+01
+3.1086000E+00	+6.8339737E+01	+9.0000000E+01
+3.1135000E+00	+7.0161457E+01	+9.0000000E+01
+3.1184000E+00	+7.2008658E+01	+9.0000000E+01
+3.1233000E+00	+7.3882446E+01	+9.0000000E+01
+3.1282000E+00	+7.5783967E+01	+9.0000000E+01
+3.1331000E+00	+7.7714417E+01	+9.0000000E+01
+3.1380000E+00	+7.9675038E+01	+9.0000000E+01
+3.1429000E+00	+8.1667126E+01	+9.0000000E+01
+3.1478000E+00	+8.3692034E+01	+9.0000000E+01
+3.1527000E+00	+8.5751173E+01	+9.0000000E+01
+3.1576000E+00	+8.7846019E+01	+9.0000000E+01
+3.1625000E+00	+8.9978114E+01	+9.0000000E+01
+3.1674000E+00	+9.2149076E+01	+9.0000000E+01
+3.1723000E+00	+9.4360598E+01	+9.0000000E+01
+3.1772000E+00	+9.6614457E+01	+9.0000000E+01
+3.1821000E+00	+9.8912512E+01	+9.0000000E+01
+3.1870000E+00	+1.0125673E+02	+9.0000000E+01
+3.1919000E+00	+1.0364917E+02	+9.0000000E+01
+3.1968000E+00	+1.0609200E+02	+9.0000000E+01
+3.2017000E+00	+1.0858750E+02	+9.0000000E+01
+3.2066000E+00	+1.1113809E+02	+9.0000000E+01
+3.2115000E+00	+1.1374630E+02	+9.0000000E+01
+3.2164000E+00	+1.1641480E+02	+9.0000000E+01
+3.2213000E+00	+1.1914651E+02	+9.0000000E+01
+3.2262000E+00	+1.2194437E+02	+9.0000000E+01
+3.2311000E+00	+1.2481158E+02	+9.0000000E+01
+3.2360000E+00	+1.2775153E+02	+9.0000000E+01
+3.2409000E+00	+1.3076780E+02	+9.0000000E+01
+3.2458000E+00	+1.3386422E+02	+9.0000000E+01
+3.2507000E+00	+1.3704484E+02	+9.0000000E+01
+3.2556000E+00	+1.4031399E+02	+9.0000000E+01
+3.2605000E+00	+1.4367629E+02	+9.0000000E+01
+3.2654000E+00	+1.4713665E+02	+9.0000000E+01
+3.2703000E+00	+1.5070035E+02	+9.0000000E+01
+3.2752000E+00	+1.5437301E+02	+9.0000000E+01
+3.2801000E+00	+1.5816068E+02	+9.0000000E+01
+3.2850000E+00	+1.6206983E+02	+9.0000000E+01
+3.2899000E+00	+1.6610742E+02	+9.0000000E+01
+3.2948000E+00	+1.7028094E+02	+9.0000000E+01
+3.2997000E+00	+1.7459847E+02	+9.0000000E+01
+3.3046000E+00	+1.7906869E+02	+9.0000000E+01
+3.3095000E+00	+1.8370103E+02	+9.0000000E+01
+3.3144000E+00	+1.8850567E+02	+9.0000000E+01
+3.3193000E+00	+1.9349364E+02	+9.0000000E+01
+3.3242000E+00	+1.9867695E+02	+9.0000000E+01
+3.3291000E+00	+2.0406864E+02	+9.0000000E+01
+3.3340000E+00	+2.0968294E+02	+9.0000000E+01
+3.3389000E+00	+2.1553538E+02	+9.0000000E+01
+3.3438000E+00	+2.2164295E+02	+9.0000000E+01
+3.3487000E+00	+2.2802432E+02	+9.0000000E+01
+3.3536000E+00	+2.3469997E+02	+9.0000000E+01
+3.3585000E+00	+2.4169249E+02	+9.0000000E+01
+3.3634000E+00	+2.4902681E+02	+9.0000000E+01
+3.3683000E+00	+2.5673054E+02	+9.0000000E+01
+3.3732000E+00	+2.6483436E+02	+9.0000000E+01
+3.3781000E+00	+2.7337238E+02	+9.0000000E+01
+3.3830000E+00	+2.8238273E+02	+9.0000000E+01
+3.3879000E+00	+2.9190811E+02	+9.0000000E+01
+3.3928000E+00	+3.0199652E+02	+9.0000000E+01
+3.3977000E+00	+3.1270212E+02	+9.0000000E+01
+3.4026000E+00	+3.2408619E+02	+9.0000000E+01
+3.4075000E+00	+3.3621844E+02	+9.0000000E+01
+3.4124000E+00	+3.4917844E+02	+9.0000000E+01
+3.4173000E+00	+3.6305745E+02	+9.0000000E+01
+3.4222000E+00	+3.7796065E+02	+9.0000000E+01
+3.4271000E+00	+3.9400989E+02	+9.0000000E+01
+3.4320000E+00	+4.1134717E+02	+9.0000000E+01
+3.4369000E+00	+4.3013893E+02	+9.0000000E+01
+3.4418000E+00	+4.5058160E+02	+9.0000000E+01
+3.4467000E+00	+4.7290863E+02	+9.0000000E+01
+3.4516000E+00	+4.9739969E+02	+9.0000000E+01
+3.4565000E+00	+5.2439266E+02	+9.0000000E+01
+3.4614000E+00	+5.5429968E+02	+9.0000000E+01
+3.4663000E+00	+5.8762864E+02	+9.0000000E+01
+3.4712000E+00	+6.2501281E+02	+9.0000000E+01
+3.4761000E+00	+6.6725202E+02	+9.0000000E+01
+3.4810000E+00	+7.1537128E+02	+9.0000000E+01
+3.4859000E+00	+7.7070608E+02	+9.0000000E+01
+3.4908000E+00	+8.3502957E+02	+9.0000000E+01
+3.4957000E+00	+9.1074780E+02	+9.0000000E+01
+3.5006000E+00	+1.0012099E+03	+9.0000000E+01
+3.5055000E+00	+1.1112199E+03	+9.0000000E+01
+3.5104000E+00	+1.2479247E+03	+9.0000000E+01
+3.5153000E+00	+1.4224377E+03	+9.0000000E+01
+3.5202000E+00	+1.6530362E+03	+9.0000000E+01
+3.5251000E+00	+1.9720434E+03	+9.0000000E+01
+3.5300000E+00	+2.4425270E+03	+9.0000000E+01
+3.5349000E+00	+3.2062604E+03	+9.0000000E+01
+3.5398000E+00	+4.6621709E+03	+9.0000000E+01
+3.5447000E+00	+8.5331377E+03	+9.0000000E+01
+3.5496000E+00	+5.0116214E+04	+9.0000000E+01
+3.5545000E+00	+1.2945422E+04	-9.0000000E+01
+3.5594000E+00	+5.7325225E+03	-9.0000000E+01
+3.5643000E+00	+3.6810050E+03	-9.0000000E+01
+3.5692000E+00	+2.7104401E+03	-9.0000000E+01
+3.5741000E+00	+2.1444880E+03	-9.0000000E+01
+3.5790000E+00	+1.7736735E+03	-9.0000000E+01
+3.5839000E+00	+1.5118375E+03	-9.0000000E+01
+3.5888000E+00	+1.3170357E+03	-9.0000000E+01
+3.5937000E+00	+1.1663987E+03	-9.0000000E+01
+3.5986000E+00	+1.0463982E+03	-9.0000000E+01
+3.6035000E+00	+9.4851803E+02	-9.0000000E+01
+3.6084000E+00	+8.6713021E+02	-9.0000000E+01
+3.6133000E+00	+7.9836613E+02	-9.0000000E+01
+3.6182000E+00	+7.3947884E+02	-9.0000000E+01
+3.6231000E+00	+6.8846402E+02	-9.0000000E+01
+3.6280000E+00	+6.4382485E+02	-9.0000000E+01
+3.6329000E+00	+6.0442092E+02	-9.0000000E+01
+3.6378000E+00	+5.6936812E+02	-9.0000000E+01
+3.6427000E+00	+5.3797040E+02	-9.0000000E+01
+3.6476000E+00	+5.0967229E+02	-9.0000000E+01
+3.6525000E+00	+4.8402509E+02	-9.0000000E+01
+3.6574000E+00	+4.6066237E+02	-9.0000000E+01
+3.6623000E+00	+4.3928192E+02	-9.0000000E+01
+3.6672000E+00	+4.1963224E+02	-9.0000000E+01
+3.6721000E+00	+4.0150234E+02	-9.0000000E+01
+3.6770000E+00	+3.8471383E+02	-9.0000000E+01
+3.6819000E+00	+3.6911489E+02	-9.0000000E+01
+3.6868000E+00	+3.5457543E+02	-9.0000000E+01
+3.6917000E+00	+3.4098339E+02	-9.0000000E+01
+3.6966000E+00	+3.2824153E+02	-9.0000000E+01
+3.7015000E+00	+3.1626528E+02	-9.0000000E+01
+3.7064000E+00	+3.0498052E+02	-9.0000000E+01
+3.7113000E+00	+2.9432209E+02	-9.0000000E+01
+3.7162000E+00	+2.8423241E+02	-9.0000000E+01
+3.7211000E+00	+2.7466040E+02	-9.0000000E+01
+3.7260000E+00	+2.6556056E+02	-9.0000000E+01
+3.7309000E+00	+2.5689219E+02	-9.0000000E+01
+3.7358000E+00	+2.4861876E+02	-9.0000000E+01
+3.7407000E+00	+2.4070737E+02	-9.0000000E+01
+3.7456000E+00	+2.3312824E+02	-9.0000000E+01
+3.7505000E+00	+2.2585435E+02	-9.0000000E+01
+3.7554000E+00	+2.1886108E+02	-9.0000000E+01
+3.7603000E+00	+2.1212591E+02	-9.0000000E+01
+3.7652000E+00	+2.0562817E+02	-9.0000000E+01
+3.7701000E+00	+1.9934881E+02	-9.0000000E+01
+3.7750000E+00	+1.9327020E+02	-9.0000000E+01
+3.7799000E+00	+1.8737595E+02	-9.0000000E+01
+3.7848000E+00	+1.8165074E+02	-9.0000000E+01
+3.7897000E+00	+1.7608021E+02	-9.0000000E+01
+3.7946000E+00	+1.7065081E+02	-9.0000000E+01
+3.7995000E+00	+1.6534965E+02	-9.0000000E+01
+3.8044000E+00	+1.6016445E+02	-9.0000000E+01
+3.8093000E+00	+1.5508338E+02	-9.0000000E+01
+3.8142000E+00	+1.5009496E+02	-9.0000000E+01
+3.8191000E+00	+1.4518798E+02	-9.0000000E+01
+3.8240000E+00	+1.4035142E+02	-9.0000000E+01
+3.8289000E+00	+1.3557408E+02	-9.0000000E+01
+3.8338000E+00	+1.3084495E+02	-9.0000000E+01
+3.8387000E+00	+1.2615259E+02	-9.0000000E+01
+3.8436000E+00	+1.2148519E+02	-9.0000000E+01
+3.8485000E+00	+1.1683032E+02	-9.0000000E+01
+3.8534000E+00	+1.1217467E+02	-9.0000000E+01
+3.8583000E+00	+1.0750371E+02	-9.0000000E+01
+3.8632000E+00	+1.0280084E+02	-9.0000000E+01
+3.8681000E+00	+9.8049261E+01	-9.0000000E+01
+3.8730000E+00	+9.3225718E+01	-9.0000000E+01
+3.8779000E+00	+8.8305127E+01	-9.0000000E+01
+3.8828000E+00	+8.3255515E+01	-9.0000000E+01
+3.8877000E+00	+7.8035819E+01	-9.0000000E+01
+3.8926000E+00	+7.2591017E+01	-9.0000000E+01
+3.8975000E+00	+6.6843692E+01	-9.0000000E+01
+3.9024000E+00	+6.0678358E+01	-9.0000000E+01
+3.9073000E+00	+5.3910020E+01	-9.0000000E+01
+3.9122000E+00	+4.6214391E+01	-9.0000000E+01
+3.9171000E+00	+3.6950846E+01	-9.0000000E+01
+3.9220000E+00	+2.4618255E+01	-9.0000000E+01
+3.9269000E+00	+4.5828768E+00	-9.0000000E+01
+3.9318000E+00	+4.8540891E+01	+9.0000000E+01
+3.9367000E+00	+7.4596355E+02	-9.0000000E+01
+3.9416000E+00	+1.0042132E+02	-9.0000000E+01
+3.9465000E+00	+5.9939423E+01	-9.0000000E+01
+3.9514000E+00	+4.0817732E+01	-9.0000000E+01
+3.9563000E+00	+2.7099710E+01	-9.0000000E+01
+3.9612000E+00	+1.5245451E+01	-9.0000000E+01
+3.9661000E+00	+3.9581105E+00	-9.0000000E+01
+3.9710000E+00	+7.4115610E+00	+9.0000000E+01
+3.9759000E+00	+1.9286735E+01	+9.0000000E+01
+3.9808000E+00	+3.2016498E+01	+9.0000000E+01
+3.9857000E+00	+4.5948556E+01	+9.0000000E+01
+3.9906000E+00	+6.1477990E+01	+9.0000000E+01
+3.9955000E+00	+7.9093840E+01	+9.0000000E+01
+4.0004000E+00	+9.9439428E+01	+9.0000000E+01
+4.0053000E+00	+1.2339853E+02	+9.0000000E+01
+4.0102000E+00	+1.5223949E+02	+9.0000000E+01
+4.0151000E+00	+1.8786110E+02	+9.0000000E+01
+4.0200000E+00	+2.3326017E+02	+9.0000000E+01
+4.0249000E+00	+2.9345860E+02	+9.0000000E+01
+4.0298000E+00	+3.7758500E+02	+9.0000000E+01
+4.0347000E+00	+5.0416087E+02	+9.0000000E+01
+4.0396000E+00	+7.1738157E+02	+9.0000000E+01
+4.0445000E+00	+1.1552378E+03	+9.0000000E+01
+4.0494000E+00	+2.5794343E+03	+9.0000000E+01
+4.0543000E+00	+2.0692710E+04	-9.0000000E+01
+4.0592000E+00	+2.2269573E+03	-9.0000000E+01
+4.0641000E+00	+1.2198045E+03	-9.0000000E+01
+4.0690000E+00	+8.5841894E+02	-9.0000000E+01
+4.0739000E+00	+6.7205376E+02	-9.0000000E+01
+4.0788000E+00	+5.5807554E+02	-9.0000000E+01
+4.0837000E+00	+4.8098320E+02	-9.0000000E+01
+4.0886000E+00	+4.2523290E+02	-9.0000000E+01
+4.0935000E+00	+3.8294195E+02	-9.0000000E+01
+4.0984000E+00	+3.4968641E+02	-9.0000000E+01
+4.1033000E+00	+3.2279148E+02	-9.0000000E+01
+4.1082000E+00	+3.0054465E+02	-9.0000000E+01
+4.1131000E+00	+2.8179941E+02	-9.0000000E+01
+4.1180000E+00	+2.6575643E+02	-9.0000000E+01
+4.1229000E+00	+2.5184551E+02	-9.0000000E+01
+4.1278000E+00	+2.3964573E+02	-9.0000000E+01
+4.1327000E+00	+2.2884083E+02	-9.0000000E+01
+4.1376000E+00	+2.1918802E+02	-9.0000000E+01
+4.1425000E+00	+2.1049957E+02	-9.0000000E+01
+4.1474000E+00	+2.0262446E+02	-9.0000000E+01
+4.1523000E+00	+1.9544345E+02	-9.0000000E+01
+4.1572000E+00	+1.8885929E+02	-9.0000000E+01
+4.1621000E+00	+1.8279228E+02	-9.0000000E+01
+4.1670000E+00	+1.7717648E+02	-9.0000000E+01
+4.1719000E+00	+1.7195683E+02	-9.0000000E+01
+4.1768000E+00	+1.6708698E+02	-9.0000000E+01
+4.1817000E+00	+1.6252768E+02	-9.0000000E+01
+4.1866000E+00	+1.5824539E+02	-9.0000000E+01
+4.1915000E+00	+1.5421134E+02	-9.0000000E+01
+4.1964000E+00	+1.5040066E+02	-9.0000000E+01
+4.2013000E+00	+1.4679177E+02	-9.0000000E+01
+4.2062000E+00	+1.4336584E+02	-9.0000000E+01
+4.2111000E+00	+1.4010634E+02	-9.0000000E+01
+4.2160000E+00	+1.3699873E+02	-9.0000000E+01
+4.2209000E+00	+1.3403018E+02	-9.0000000E+01
+4.2258000E+00	+1.3118921E+02	-9.0000000E+01
+4.2307000E+00	+1.2846569E+02	-9.0000000E+01
+4.2356000E+00	+1.2585052E+02	-9.0000000E+01
+4.2405000E+00	+1.2333554E+02	-9.0000000E+01
+4.2454000E+00	+1.2091342E+02	-9.0000000E+01
+4.2503000E+00	+1.1857753E+02	-9.0000000E+01
+4.2552000E+00	+1.1632188E+02	-9.0000000E+01
+4.2601000E+00	+1.1414104E+02	-9.0000000E+01
+4.2650000E+00	+1.1203005E+02	-9.0000000E+01
+4.2699000E+00	+1.0998441E+02	-9.0000000E+01
+4.2748000E+00	+1.0800000E+02	-9.0000000E+01
+4.2797000E+00	+1.0607303E+02	-9.0000000E+01
+4.2846000E+00	+1.0420005E+02	-9.0000000E+01
+4.2895000E+00	+1.0237785E+02	-9.0000000E+01
+4.2944000E+00	+1.0060345E+02	-9.0000000E+01
+4.2993000E+00	+9.8874684E+01	-9.0000000E+01
+4.3042000E+00	+9.7187923E+01	-9.0000000E+01
+4.3091000E+00	+9.5541644E+01	-9.0000000E+01
+4.3140000E+00	+9.3933524E+01	-9.0000000E+01
+4.3189000E+00	+9.2361538E+01	-9.0000000E+01
+4.3238000E+00	+9.0823811E+01	-9.0000000E+01
+4.3287000E+00	+8.9318594E+01	-9.0000000E+01
+4.3336000E+00	+8.7844252E+01	-9.0000000E+01
+4.3385000E+00	+8.6399257E+01	-9.0000000E+01
+4.3434000E+00	+8.4982170E+01	-9.0000000E+01
+4.3483000E+00	+8.3591682E+01	-9.0000000E+01
+4.3532000E+00	+8.2226462E+01	-9.0000000E+01
+4.3581000E+00	+8.0885362E+01	-9.0000000E+01
+4.3630000E+00	+7.9567253E+01	-9.0000000E+01
+4.3679000E+00	+7.8271074E+01	-9.0000000E+01
+4.3728000E+00	+7.6995823E+01	-9.0000000E+01
+4.3777000E+00	+7.5740551E+01	-9.0000000E+01
+4.3826000E+00	+7.4504357E+01	-9.0000000E+01
+4.3875000E+00	+7.3286379E+01	-9.0000000E+01
+4.3924000E+00	+7.2085847E+01	-9.0000000E+01
+4.3973000E+00	+7.0901935E+01	-9.0000000E+01
+4.4022000E+00	+6.9733932E+01	-9.0000000E+01
+4.4071000E+00	+6.8581130E+01	-9.0000000E+01
+4.4120000E+00	+6.7442860E+01	-9.0000000E+01
+4.4169000E+00	+6.6318472E+01	-9.0000000E+01
+4.4218000E+00	+6.5207366E+01	-9.0000000E+01
+4.4267000E+00	+6.4108926E+01	-9.0000000E+01
+4.4316000E+00	+6.3022591E+01	-9.0000000E+01
+4.4365000E+00	+6.1947811E+01	-9.0000000E+01
+4.4414000E+00	+6.0884050E+01	-9.0000000E+01
+4.4463000E+00	+5.9830826E+01	-9.0000000E+01
+4.4512000E+00	+5.8787538E+01	-9.0000000E+01
+4.4561000E+00	+5.7753950E+01	-9.0000000E+01
+4.4610000E+00	+5.6729234E+01	-9.0000000E+01
+4.4659000E+00	+5.5713150E+01	-9.0000000E+01
+4.4708000E+00	+5.4705204E+01	-9.0000000E+01
+4.4757000E+00	+5.3704947E+01	-9.0000000E+01
+4.4806000E+00	+5.2711936E+01	-9.0000000E+01
+4.4855000E+00	+5.1725734E+01	-9.0000000E+01
+4.4904000E+00	+5.0745904E+01	-9.0000000E+01
+4.4953000E+00	+4.9772009E+01	-9.0000000E+01
+4.5002000E+00	+4.8803610E+01	-9.0000000E+01
+4.5051000E+00	+4.7840259E+01	-9.0000000E+01
+4.5100000E+00	+4.6881502E+01	-9.0000000E+01
+4.5149000E+00	+4.5926867E+01	-9.0000000E+01
+4.5198000E+00	+4.4975867E+01	-9.0000000E+01
+4.5247000E+00	+4.4027988E+01	-9.0000000E+01
+4.5296000E+00	+4.3082686E+01	-9.0000000E+01
+4.5345000E+00	+4.2139372E+01	-9.0000000E+01
+4.5394000E+00	+4.1197406E+01	-9.0000000E+01
+4.5443000E+00	+4.0256076E+01	-9.0000000E+01
+4.5492000E+00	+3.9314581E+01	-9.0000000E+01
+4.5541000E+00	+3.8371998E+01	-9.0000000E+01
+4.5590000E+00	+3.7427246E+01	-9.0000000E+01
+4.5639000E+00	+3.6479031E+01	-9.0000000E+01
+4.5688000E+00	+3.5525757E+01	-9.0000000E+01
+4.5737000E+00	+3.4565477E+01	-9.0000000E+01
+4.5786000E+00	+3.3595545E+01	-9.0000000E+01
+4.5835000E+00	+3.2612572E+01	-9.0000000E+01
+4.5884000E+00	+3.1611838E+01	-9.0000000E+01
+4.5933000E+00	+3.0586605E+01	-9.0000000E+01
+4.5982000E+00	+2.9526814E+01	-9.0000000E+01
+4.6031000E+00	+2.8416631E+01	-9.0000000E+01
+4.6080000E+00	+2.7229448E+01	-9.0000000E+01
+4.6129000E+00	+2.5916586E+01	-9.0000000E+01
+4.6178000E+00	+2.4378046E+01	-9.0000000E+01
+4.6227000E+00	+2.2369886E+01	-9.0000000E+01
+4.6276000E+00	+1.9097778E+01	-9.0000000E+01
+4.6325000E+00	+9.6460198E+00	-9.0000000E+01
+4.6374000E+00	+7.4818802E+01	-9.0000000E+01
+4.6423000E+00	+3.2506595E+01	-9.0000000E+01
+4.6472000E+00	+2.7345513E+01	-9.0000000E+01
+4.6521000E+00	+2.4820327E+01	-9.0000000E+01
+4.6570000E+00	+2.3058840E+01	-9.0000000E+01
+4.6619000E+00	+2.1620616E+01	-9.0000000E+01
+4.6668000E+00	+2.0347823E+01	-9.0000000E+01
+4.6717000E+00	+1.9169655E+01	-9.0000000E+01
+4.6766000E+00	+1.8049559E+01	-9.0000000E+01
+4.6815000E+00	+1.6966613E+01	-9.0000000E+01
+4.6864000E+00	+1.5907886E+01	-9.0000000E+01
+4.6913000E+00	+1.4864871E+01	-9.0000000E+01
+4.6962000E+00	+1.3831667E+01	-9.0000000E+01
+4.7011000E+00	+1.2803966E+01	-9.0000000E+01
+4.7060000E+00	+1.1778701E+01	-9.0000000E+01
+4.7109000E+00	+1.0752940E+01	-9.0000000E+01
+4.7158000E+00	+9.7248264E+00	-9.0000000E+01
+4.7207000E+00	+8.6925227E+00	-9.0000000E+01
+4.7256000E+00	+7.6544534E+00	-9.0000000E+01
+4.7305000E+00	+6.6091950E+00	-9.0000000E+01
+4.7354000E+00	+5.5554235E+00	-9.0000000E+01
+4.7403000E+00	+4.4918765E+00	-9.0000000E+01
+4.7452000E+00	+3.4173252E+00	-9.0000000E+01
+4.7501000E+00	+2.3305502E+00	-9.0000000E+01
+4.7550000E+00	+1.2303222E+00	-9.0000000E+01
+4.7599000E+00	+1.1538731E-01	-9.0000000E+01
+4.7648000E+00	+1.0154805E+00	+9.0000000E+01
+4.7697000E+00	+2.1637921E+00	+9.0000000E+01
+4.7746000E+00	+3.3308330E+00	+9.0000000E+01
+4.7795000E+00	+4.5181332E+00	+9.0000000E+01
+4.7844000E+00	+5.7272890E+00	+9.0000000E+01
+4.7893000E+00	+6.9600071E+00	+9.0000000E+01
+4.7942000E+00	+8.2181223E+00	+9.0000000E+01
+4.7991000E+00	+9.5036164E+00	+9.0000000E+01
+4.8040000E+00	+1.0818639E+01	+9.0000000E+01
+4.8089000E+00	+1.2165529E+01	+9.0000000E+01
+4.8138000E+00	+1.3546845E+01	+9.0000000E+01
+4.8187000E+00	+1.4965398E+01	+9.0000000E+01
+4.8236000E+00	+1.6424762E+01	+9.0000000E+01
+4.8285000E+00	+1.7926848E+01	+9.0000000E+01
+4.8334000E+00	+1.9476991E+01	+9.0000000E+01
+4.8383000E+00	+2.1078882E+01	+9.0000000E+01
+4.8432000E+00	+2.2737253E+01	+9.0000000E+01
+4.8481000E+00	+2.4457412E+01	+9.0000000E+01
+4.8530000E+00	+2.6245355E+01	+9.0000000E+01
+4.8579000E+00	+2.8107879E+01	+9.0000000E+01
+4.8628000E+00	+3.0052732E+01	+9.0000000E+01
+4.8677000E+00	+3.2088796E+01	+9.0000000E+01
+4.8726000E+00	+3.4226309E+01	+9.0000000E+01
+4.8775000E+00	+3.6477145E+01	+9.0000000E+01
+4.8824000E+00	+3.8855174E+01	+9.0000000E+01
+4.8873000E+00	+4.1376709E+01	+9.0000000E+01
+4.8922000E+00	+4.4061094E+01	+9.0000000E+01
+4.8971000E+00	+4.6931469E+01	+9.0000000E+01
+4.9020000E+00	+5.0015770E+01	+9.0000000E+01
+4.9069000E+00	+5.3348091E+01	+9.0000000E+01
+4.9118000E+00	+5.6970523E+01	+9.0000000E+01
+4.9167000E+00	+6.0935706E+01	+9.0000000E+01
+4.9216000E+00	+6.5310446E+01	+9.0000000E+01
+4.9265000E+00	+7.0180935E+01	+9.0000000E+01
+4.9314000E+00	+7.5660479E+01	+9.0000000E+01
+4.9363000E+00	+8.1901287E+01	+9.0000000E+01
+4.9412000E+00	+8.9113022E+01	+9.0000000E+01
+4.9461000E+00	+9.7593177E+01	+9.0000000E+01
+4.9510000E+00	+1.0777790E+02	+9.0000000E+01
+4.9559000E+00	+1.2034155E+02	+9.0000000E+01
+4.9608000E+00	+1.3636790E+02	+9.0000000E+01
+4.9657000E+00	+1.5774427E+02	+9.0000000E+01
+4.9706000E+00	+1.8806164E+02	+9.0000000E+01
+4.9755000E+00	+2.3511354E+02	+9.0000000E+01
+4.9804000E+00	+3.1960908E+02	+9.0000000E+01
+4.9853000E+00	+5.2094295E+02	+9.0000000E+01
+4.9902000E+00	+1.6914808E+03	+9.0000000E+01
+4.9951000E+00	+1.1027602E+03	-9.0000000E+01
+5.0000000E+00	+3.7703426E+02	-9.0000000E+01
