+1.0000000E-01	+1.1774347E+02	-9.0000000E+01
+1.0490000E-01	+1.1245420E+02	-9.0000000E+01
+1.0980000E-01	+1.0764728E+02	-9.0000000E+01
+1.1470000E-01	+1.0326095E+02	-9.0000000E+01
+1.1960000E-01	+9.9243591E+01	-9.0000000E+01
+1.2450000E-01	+9.5551699E+01	-9.0000000E+01
+1.2940000E-01	+9.2148376E+01	-9.0000000E+01
+1.3430000E-01	+8.9002112E+01	-9.0000000E+01
+1.3920000E-01	+8.6085834E+01	-9.0000000E+01
+1.4410000E-01	+8.3376160E+01	-9.0000000E+01
+1.4900000E-01	+8.0852783E+01	-9.0000000E+01
+1.5390000E-01	+7.8497988E+01	-9.0000000E+01
+1.5880000E-01	+7.6296251E+01	-9.0000000E+01
+1.6370000E-01	+7.4233908E+01	-9.0000000E+01
+1.6860000E-01	+7.2298888E+01	-9.0000000E+01
+1.7350000E-01	+7.0480486E+01	-9.0000000E+01
+1.7840000E-01	+6.8769178E+01	-9.0000000E+01
+1.8330000E-01	+6.7156461E+01	-9.0000000E+01
+1.8820000E-01	+6.5634720E+01	-9.0000000E+01
+1.9310000E-01	+6.4197116E+01	-9.0000000E+01
+1.9800000E-01	+6.2837492E+01	-9.0000000E+01
+2.0290000E-01	+6.1550288E+01	-9.0000000E+01
+2.0780000E-01	+6.0330470E+01	-9.0000000E+01
+2.1270000E-01	+5.9173474E+01	-9.0000000E+01
+2.1760000E-01	+5.8075148E+01	-9.0000000E+01
+2.2250000E-01	+5.7031711E+01	-9.0000000E+01
+2.2740000E-01	+5.6039708E+01	-9.0000000E+01
+2.3230000E-01	+5.5095983E+01	-9.0000000E+01
+2.3720000E-01	+5.4197640E+01	-9.0000000E+01
+2.4210000E-01	+5.3342023E+01	-9.0000000E+01
+2.4700000E-01	+5.2526691E+01	-9.0000000E+01
+2.5190000E-01	+5.1749393E+01	-9.0000000E+01
+2.5680000E-01	+5.1008056E+01	-9.0000000E+01
+2.6170000E-01	+5.0300765E+01	-9.0000000E+01
+2.6660000E-01	+4.9625749E+01	-9.0000000E+01
+2.7150000E-01	+4.8981368E+01	-9.0000000E+01
+2.7640000E-01	+4.8366104E+01	-9.0000000E+01
+2.8130000E-01	+4.7778545E+01	-9.0000000E+01
+2.8620000E-01	+4.7217382E+01	-9.0000000E+01
+2.9110000E-01	+4.6681396E+01	-9.0000000E+01
+2.9600000E-01	+4.6169456E+01	-9.0000000E+01
+3.0090000E-01	+4.5680503E+01	-9.0000000E+01
+3.0580000E-01	+4.5213555E+01	-9.0000000E+01
+3.1070000E-01	+4.4767693E+01	-9.0000000E+01
+3.1560000E-01	+4.4342060E+01	-9.0000000E+01
+3.2050000E-01	+4.3935856E+01	-9.0000000E+01
+3.2540000E-01	+4.3548333E+01	-9.0000000E+01
+3.3030000E-01	+4.3178791E+01	-9.0000000E+01
+3.3520000E-01	+4.2826576E+01	-9.0000000E+01
+3.4010000E-01	+4.2491078E+01	-9.0000000E+01
+3.4500000E-01	+4.2171722E+01	-9.0000000E+01
+3.4990000E-01	+4.1867974E+01	-9.0000000E+01
+3.5480000E-01	+4.1579333E+01	-9.0000000E+01
+3.5970000E-01	+4.1305329E+01	-9.0000000E+01
+3.6460000E-01	+4.1045523E+01	-9.0000000E+01
+3.6950000E-01	+4.0799507E+01	-9.0000000E+01
+3.7440000E-01	+4.0566896E+01	-9.0000000E+01
+3.7930000E-01	+4.0347332E+01	-9.0000000E+01
+3.8420000E-01	+4.0140481E+01	-9.0000000E+01
+3.8910000E-01	+3.9946032E+01	-9.0000000E+01
+3.9400000E-01	+3.9763694E+01	-9.0000000E+01
+3.9890000E-01	+3.9593197E+01	-9.0000000E+01
+4.0380000E-01	+3.9434292E+01	-9.0000000E+01
+4.0870000E-01	+3.9286746E+01	-9.0000000E+01
+4.1360000E-01	+3.9150344E+01	-9.0000000E+01
+4.1850000E-01	+3.9024890E+01	-9.0000000E+01
+4.2340000E-01	+3.8910203E+01	-9.0000000E+01
+4.2830000E-01	+3.8806116E+01	-9.0000000E+01
+4.3320000E-01	+3.8712479E+01	-9.0000000E+01
+4.3810000E-01	+3.8629157E+01	-9.0000000E+01
+4.4300000E-01	+3.8556027E+01	-9.0000000E+01
+4.4790000E-01	+3.8492980E+01	-9.0000000E+01
+4.5280000E-01	+3.8439922E+01	-9.0000000E+01
+4.5770000E-01	+3.8396772E+01	-9.0000000E+01
+4.6260000E-01	+3.8363458E+01	-9.0000000E+01
+4.6750000E-01	+3.8339925E+01	-9.0000000E+01
+4.7240000E-01	+3.8326127E+01	-9.0000000E+01
+4.7730000E-01	+3.8322033E+01	-9.0000000E+01
+4.8220000E-01	+3.8327622E+01	-9.0000000E+01
+4.8710000E-01	+3.8342884E+01	-9.0000000E+01
+4.9200000E-01	+3.8367823E+01	-9.0000000E+01
+4.9690000E-01	+3.8402454E+01	-9.0000000E+01
+5.0180000E-01	+3.8446803E+01	-9.0000000E+01
+5.0670000E-01	+3.8500910E+01	-9.0000000E+01
+5.1160000E-01	+3.8564825E+01	-9.0000000E+01
+5.1650000E-01	+3.8638611E+01	-9.0000000E+01
+5.2140000E-01	+3.8722342E+01	-9.0000000E+01
+5.2630000E-01	+3.8816106E+01	-9.0000000E+01
+5.3120000E-01	+3.8920003E+01	-9.0000000E+01
+5.3610000E-01	+3.9034146E+01	-9.0000000E+01
+5.4100000E-01	+3.9158663E+01	-9.0000000E+01
+5.4590000E-01	+3.9293691E+01	-9.0000000E+01
+5.5080000E-01	+3.9439387E+01	-9.0000000E+01
+5.5570000E-01	+3.9595917E+01	-9.0000000E+01
+5.6060000E-01	+3.9763466E+01	-9.0000000E+01
+5.6550000E-01	+3.9942233E+01	-9.0000000E+01
+5.7040000E-01	+4.0132433E+01	-9.0000000E+01
+5.7530000E-01	+4.0334297E+01	-9.0000000E+01
+5.8020000E-01	+4.0548075E+01	-9.0000000E+01
+5.8510000E-01	+4.0774036E+01	-9.0000000E+01
+5.9000000E-01	+4.1012465E+01	-9.0000000E+01
+5.9490000E-01	+4.1263670E+01	-9.0000000E+01
+5.9980000E-01	+4.1527979E+01	-9.0000000E+01
+6.0470000E-01	+4.1805743E+01	-9.0000000E+01
+6.0960000E-01	+4.2097335E+01	-9.0000000E+01
+6.1450000E-01	+4.2403154E+01	-9.0000000E+01
+6.1940000E-01	+4.2723624E+01	-9.0000000E+01
+6.2430000E-01	+4.3059198E+01	-9.0000000E+01
+6.2920000E-01	+4.3410359E+01	-9.0000000E+01
+6.3410000E-01	+4.3777619E+01	-9.0000000E+01
+6.3900000E-01	+4.4161525E+01	-9.0000000E+01
+6.4390000E-01	+4.4562658E+01	-9.0000000E+01
+6.4880000E-01	+4.4981639E+01	-9.0000000E+01
+6.5370000E-01	+4.5419127E+01	-9.0000000E+01
+6.5860000E-01	+4.5875826E+01	-9.0000000E+01
+6.6350000E-01	+4.6352486E+01	-9.0000000E+01
+6.6840000E-01	+4.6849906E+01	-9.0000000E+01
+6.7330000E-01	+4.7368939E+01	-9.0000000E+01
+6.7820000E-01	+4.7910494E+01	-9.0000000E+01
+6.8310000E-01	+4.8475543E+01	-9.0000000E+01
+6.8800000E-01	+4.9065126E+01	-9.0000000E+01
+6.9290000E-01	+4.9680353E+01	-9.0000000E+01
+6.9780000E-01	+5.0322412E+01	-9.0000000E+01
+7.0270000E-01	+5.0992577E+01	-9.0000000E+01
+7.0760000E-01	+5.1692212E+01	-9.0000000E+01
+7.1250000E-01	+5.2422782E+01	-9.0000000E+01
+7.1740000E-01	+5.3185859E+01	-9.0000000E+01
+7.2230000E-01	+5.3983134E+01	-9.0000000E+01
+7.2720000E-01	+5.4816427E+01	-9.0000000E+01
+7.3210000E-01	+5.5687699E+01	-9.0000000E+01
+7.3700000E-01	+5.6599065E+01	-9.0000000E+01
+7.4190000E-01	+5.7552811E+01	-9.0000000E+01
+7.4680000E-01	+5.8551409E+01	-9.0000000E+01
+7.5170000E-01	+5.9597536E+01	-9.0000000E+01
+7.5660000E-01	+6.0694097E+01	-9.0000000E+01
+7.6150000E-01	+6.1844247E+01	-9.0000000E+01
+7.6640000E-01	+6.3051421E+01	-9.0000000E+01
+7.7130000E-01	+6.4319362E+01	-9.0000000E+01
+7.7620000E-01	+6.5652157E+01	-9.0000000E+01
+7.8110000E-01	+6.7054280E+01	-9.0000000E+01
+7.8600000E-01	+6.8530633E+01	-9.0000000E+01
+7.9090000E-01	+7.0086601E+01	-9.0000000E+01
+7.9580000E-01	+7.1728115E+01	-9.0000000E+01
+8.0070000E-01	+7.3461716E+01	-9.0000000E+01
+8.0560000E-01	+7.5294640E+01	-9.0000000E+01
+8.1050000E-01	+7.7234911E+01	-9.0000000E+01
+8.1540000E-01	+7.9291452E+01	-9.0000000E+01
+8.2030000E-01	+8.1474210E+01	-9.0000000E+01
+8.2520000E-01	+8.3794311E+01	-9.0000000E+01
+8.3010000E-01	+8.6264235E+01	-9.0000000E+01
+8.3500000E-01	+8.8898034E+01	-9.0000000E+01
+8.3990000E-01	+9.1711581E+01	-9.0000000E+01
+8.4480000E-01	+9.4722874E+01	-9.0000000E+01
+8.4970000E-01	+9.7952411E+01	-9.0000000E+01
+8.5460000E-01	+1.0142363E+02	-9.0000000E+01
+8.5950000E-01	+1.0516345E+02	-9.0000000E+01
+8.6440000E-01	+1.0920297E+02	-9.0000000E+01
+8.6930000E-01	+1.1357828E+02	-9.0000000E+01
+8.7420000E-01	+1.1833150E+02	-9.0000000E+01
+8.7910000E-01	+1.2351212E+02	-9.0000000E+01
+8.8400000E-01	+1.2917869E+02	-9.0000000E+01
+8.8890000E-01	+1.3540095E+02	-9.0000000E+01
+8.9380000E-01	+1.4226266E+02	-9.0000000E+01
+8.9870000E-01	+1.4986532E+02	-9.0000000E+01
+9.0360000E-01	+1.5833310E+02	-9.0000000E+01
+9.0850000E-01	+1.6781958E+02	-9.0000000E+01
+9.1340000E-01	+1.7851694E+02	-9.0000000E+01
+9.1830000E-01	+1.9066897E+02	-9.0000000E+01
+9.2320000E-01	+2.0458960E+02	-9.0000000E+01
+9.2810000E-01	+2.2069006E+02	-9.0000000E+01
+9.3300000E-01	+2.3951979E+02	-9.0000000E+01
+9.3790000E-01	+2.6182977E+02	-9.0000000E+01
+9.4280000E-01	+2.8867429E+02	-9.0000000E+01
+9.4770000E-01	+3.2158124E+02	-9.0000000E+01
+9.5260000E-01	+3.6285173E+02	-9.0000000E+01
+9.5750000E-01	+4.1611997E+02	-9.0000000E+01
+9.6240000E-01	+4.8748218E+02	-9.0000000E+01
+9.6730000E-01	+5.8800657E+02	-9.0000000E+01
+9.7220000E-01	+7.4010030E+02	-9.0000000E+01
+9.7710000E-01	+9.9702915E+02	-9.0000000E+01
+9.8200000E-01	+1.5239325E+03	-9.0000000E+01
+9.8690000E-01	+3.2162524E+03	-9.0000000E+01
+9.9180000E-01	+3.0535560E+04	+9.0000000E+01
+9.9670000E-01	+2.6687140E+03	+9.0000000E+01
+1.0016000E+00	+1.3988532E+03	+9.0000000E+01
+1.0065000E+00	+9.4955255E+02	+9.0000000E+01
+1.0114000E+00	+7.1974339E+02	+9.0000000E+01
+1.0163000E+00	+5.8019979E+02	+9.0000000E+01
+1.0212000E+00	+4.8649669E+02	+9.0000000E+01
+1.0261000E+00	+4.1925312E+02	+9.0000000E+01
+1.0310000E+00	+3.6866431E+02	+9.0000000E+01
+1.0359000E+00	+3.2923742E+02	+9.0000000E+01
+1.0408000E+00	+2.9765598E+02	+9.0000000E+01
+1.0457000E+00	+2.7179915E+02	+9.0000000E+01
+1.0506000E+00	+2.5024746E+02	+9.0000000E+01
+1.0555000E+00	+2.3201505E+02	+9.0000000E+01
+1.0604000E+00	+2.1639582E+02	+9.0000000E+01
+1.0653000E+00	+2.0287078E+02	+9.0000000E+01
+1.0702000E+00	+1.9104996E+02	+9.0000000E+01
+1.0751000E+00	+1.8063462E+02	+9.0000000E+01
+1.0800000E+00	+1.7139208E+02	+9.0000000E+01
+1.0849000E+00	+1.6313841E+02	+9.0000000E+01
+1.0898000E+00	+1.5572630E+02	+9.0000000E+01
+1.0947000E+00	+1.4903638E+02	+9.0000000E+01
+1.0996000E+00	+1.4297092E+02	+9.0000000E+01
+1.1045000E+00	+1.3744910E+02	+9.0000000E+01
+1.1094000E+00	+1.3240355E+02	+9.0000000E+01
+1.1143000E+00	+1.2777764E+02	+9.0000000E+01
+1.1192000E+00	+1.2352342E+02	+9.0000000E+01
+1.1241000E+00	+1.1960006E+02	+9.0000000E+01
+1.1290000E+00	+1.1597251E+02	+9.0000000E+01
+1.1339000E+00	+1.1261059E+02	+9.0000000E+01
+1.1388000E+00	+1.0948811E+02	+9.0000000E+01
+1.1437000E+00	+1.0658229E+02	+9.0000000E+01
+1.1486000E+00	+1.0387318E+02	+9.0000000E+01
+1.1535000E+00	+1.0134325E+02	+9.0000000E+01
+1.1584000E+00	+9.8977042E+01	+9.0000000E+01
+1.1633000E+00	+9.6760876E+01	+9.0000000E+01
+1.1682000E+00	+9.4682592E+01	+9.0000000E+01
+1.1731000E+00	+9.2731356E+01	+9.0000000E+01
+1.1780000E+00	+9.0897480E+01	+9.0000000E+01
+1.1829000E+00	+8.9172281E+01	+9.0000000E+01
+1.1878000E+00	+8.7547950E+01	+9.0000000E+01
+1.1927000E+00	+8.6017454E+01	+9.0000000E+01
+1.1976000E+00	+8.4574436E+01	+9.0000000E+01
+1.2025000E+00	+8.3213144E+01	+9.0000000E+01
+1.2074000E+00	+8.1928358E+01	+9.0000000E+01
+1.2123000E+00	+8.0715335E+01	+9.0000000E+01
+1.2172000E+00	+7.9569753E+01	+9.0000000E+01
+1.2221000E+00	+7.8487675E+01	+9.0000000E+01
+1.2270000E+00	+7.7465499E+01	+9.0000000E+01
+1.2319000E+00	+7.6499933E+01	+9.0000000E+01
+1.2368000E+00	+7.5587962E+01	+9.0000000E+01
+1.2417000E+00	+7.4726818E+01	+9.0000000E+01
+1.2466000E+00	+7.3913963E+01	+9.0000000E+01
+1.2515000E+00	+7.3147064E+01	+9.0000000E+01
+1.2564000E+00	+7.2423973E+01	+9.0000000E+01
+1.2613000E+00	+7.1742717E+01	+9.0000000E+01
+1.2662000E+00	+7.1101478E+01	+9.0000000E+01
+1.2711000E+00	+7.0498582E+01	+9.0000000E+01
+1.2760000E+00	+6.9932485E+01	+9.0000000E+01
+1.2809000E+00	+6.9401768E+01	+9.0000000E+01
+1.2858000E+00	+6.8905123E+01	+9.0000000E+01
+1.2907000E+00	+6.8441345E+01	+9.0000000E+01
+1.2956000E+00	+6.8009326E+01	+9.0000000E+01
+1.3005000E+00	+6.7608048E+01	+9.0000000E+01
+1.3054000E+00	+6.7236578E+01	+9.0000000E+01
+1.3103000E+00	+6.6894059E+01	+9.0000000E+01
+1.3152000E+00	+6.6579709E+01	+9.0000000E+01
+1.3201000E+00	+6.6292814E+01	+9.0000000E+01
+1.3250000E+00	+6.6032727E+01	+9.0000000E+01
+1.3299000E+00	+6.5798859E+01	+9.0000000E+01
+1.3348000E+00	+6.5590684E+01	+9.0000000E+01
+1.3397000E+00	+6.5407729E+01	+9.0000000E+01
+1.3446000E+00	+6.5249573E+01	+9.0000000E+01
+1.3495000E+00	+6.5115850E+01	+9.0000000E+01
+1.3544000E+00	+6.5006240E+01	+9.0000000E+01
+1.3593000E+00	+6.4920471E+01	+9.0000000E+01
+1.3642000E+00	+6.4858318E+01	+9.0000000E+01
+1.3691000E+00	+6.4819600E+01	+9.0000000E+01
+1.3740000E+00	+6.4804180E+01	+9.0000000E+01
+1.3789000E+00	+6.4811965E+01	+9.0000000E+01
+1.3838000E+00	+6.4842903E+01	+9.0000000E+01
+1.3887000E+00	+6.4896986E+01	+9.0000000E+01
+1.3936000E+00	+6.4974246E+01	+9.0000000E+01
+1.3985000E+00	+6.5074760E+01	+9.0000000E+01
+1.4034000E+00	+6.5198643E+01	+9.0000000E+01
+1.4083000E+00	+6.5346057E+01	+9.0000000E+01
+1.4132000E+00	+6.5517204E+01	+9.0000000E+01
+1.4181000E+00	+6.5712332E+01	+9.0000000E+01
+1.4230000E+00	+6.5931731E+01	+9.0000000E+01
+1.4279000E+00	+6.6175741E+01	+9.0000000E+01
+1.4328000E+00	+6.6444747E+01	+9.0000000E+01
+1.4377000E+00	+6.6739182E+01	+9.0000000E+01
+1.4426000E+00	+6.7059533E+01	+9.0000000E+01
+1.4475000E+00	+6.7406337E+01	+9.0000000E+01
+1.4524000E+00	+6.7780189E+01	+9.0000000E+01
+1.4573000E+00	+6.8181740E+01	+9.0000000E+01
+1.4622000E+00	+6.8611703E+01	+9.0000000E+01
+1.4671000E+00	+6.9070855E+01	+9.0000000E+01
+1.4720000E+00	+6.9560042E+01	+9.0000000E+01
+1.4769000E+00	+7.0080182E+01	+9.0000000E+01
+1.4818000E+00	+7.0632269E+01	+9.0000000E+01
+1.4867000E+00	+7.1217380E+01	+9.0000000E+01
+1.4916000E+00	+7.1836678E+01	+9.0000000E+01
+1.4965000E+00	+7.2491422E+01	+9.0000000E+01
+1.5014000E+00	+7.3182971E+01	+9.0000000E+01
+1.5063000E+00	+7.3912790E+01	+9.0000000E+01
+1.5112000E+00	+7.4682463E+01	+9.0000000E+01
+1.5161000E+00	+7.5493702E+01	+9.0000000E+01
+1.5210000E+00	+7.6348351E+01	+9.0000000E+01
+1.5259000E+00	+7.7248406E+01	+9.0000000E+01
+1.5308000E+00	+7.8196024E+01	+9.0000000E+01
+1.5357000E+00	+7.9193535E+01	+9.0000000E+01
+1.5406000E+00	+8.0243464E+01	+9.0000000E+01
+1.5455000E+00	+8.1348544E+01	+9.0000000E+01
+1.5504000E+00	+8.2511738E+01	+9.0000000E+01
+1.5553000E+00	+8.3736264E+01	+9.0000000E+01
+1.5602000E+00	+8.5025616E+01	+9.0000000E+01
+1.5651000E+00	+8.6383595E+01	+9.0000000E+01
+1.5700000E+00	+8.7814344E+01	+9.0000000E+01
+1.5749000E+00	+8.9322380E+01	+9.0000000E+01
+1.5798000E+00	+9.0912641E+01	+9.0000000E+01
+1.5847000E+00	+9.2590529E+01	+9.0000000E+01
+1.5896000E+00	+9.4361967E+01	+9.0000000E+01
+1.5945000E+00	+9.6233463E+01	+9.0000000E+01
+1.5994000E+00	+9.8212176E+01	+9.0000000E+01
+1.6043000E+00	+1.0030600E+02	+9.0000000E+01
+1.6092000E+00	+1.0252367E+02	+9.0000000E+01
+1.6141000E+00	+1.0487495E+02	+9.0000000E+01
+1.6190000E+00	+1.0737038E+02	+9.0000000E+01
+1.6239000E+00	+1.1002209E+02	+9.0000000E+01
+1.6288000E+00	+1.1284341E+02	+9.0000000E+01
+1.6337000E+00	+1.1584932E+02	+9.0000000E+01
+1.6386000E+00	+1.1905666E+02	+9.0000000E+01
+1.6435000E+00	+1.2248441E+02	+9.0000000E+01
+1.6484000E+00	+1.2615408E+02	+9.0000000E+01
+1.6533000E+00	+1.3009008E+02	+9.0000000E+01
+1.6582000E+00	+1.3432029E+02	+9.0000000E+01
+1.6631000E+00	+1.3887664E+02	+9.0000000E+01
+1.6680000E+00	+1.4379590E+02	+9.0000000E+01
+1.6729000E+00	+1.4912066E+02	+9.0000000E+01
+1.6778000E+00	+1.5490045E+02	+9.0000000E+01
+1.6827000E+00	+1.6119328E+02	+9.0000000E+01
+1.6876000E+00	+1.6806750E+02	+9.0000000E+01
+1.6925000E+00	+1.7560421E+02	+9.0000000E+01
+1.6974000E+00	+1.8390037E+02	+9.0000000E+01
+1.7023000E+00	+1.9307293E+02	+9.0000000E+01
+1.7072000E+00	+2.0326414E+02	+9.0000000E+01
+1.7121000E+00	+2.1464891E+02	+9.0000000E+01
+1.7170000E+00	+2.2744464E+02	+9.0000000E+01
+1.7219000E+00	+2.4192504E+02	+9.0000000E+01
+1.7268000E+00	+2.5843954E+02	+9.0000000E+01
+1.7317000E+00	+2.7744148E+02	+9.0000000E+01
+1.7366000E+00	+2.9952976E+02	+9.0000000E+01
+1.7415000E+00	+3.2551243E+02	+9.0000000E+01
+1.7464000E+00	+3.5650665E+02	+9.0000000E+01
+1.7513000E+00	+3.9410214E+02	+9.0000000E+01
+1.7562000E+00	+4.4064059E+02	+9.0000000E+01
+1.7611000E+00	+4.9971985E+02	+9.0000000E+01
+1.7660000E+00	+5.7716671E+02	+9.0000000E+01
+1.7709000E+00	+6.8307926E+02	+9.0000000E+01
+1.7758000E+00	+8.3661890E+02	+9.0000000E+01
+1.7807000E+00	+1.0791199E+03	+9.0000000E+01
+1.7856000E+00	+1.5192163E+03	+9.0000000E+01
+1.7905000E+00	+2.5638377E+03	+9.0000000E+01
+1.7954000E+00	+8.1837612E+03	+9.0000000E+01
+1.8003000E+00	+6.8863995E+03	-9.0000000E+01
+1.8052000E+00	+2.4266689E+03	-9.0000000E+01
+1.8101000E+00	+1.4741971E+03	-9.0000000E+01
+1.8150000E+00	+1.0594739E+03	-9.0000000E+01
+1.8199000E+00	+8.2741482E+02	-9.0000000E+01
+1.8248000E+00	+6.7916311E+02	-9.0000000E+01
+1.8297000E+00	+5.7629458E+02	-9.0000000E+01
+1.8346000E+00	+5.0076046E+02	-9.0000000E+01
+1.8395000E+00	+4.4296251E+02	-9.0000000E+01
+1.8444000E+00	+3.9732557E+02	-9.0000000E+01
+1.8493000E+00	+3.6038966E+02	-9.0000000E+01
+1.8542000E+00	+3.2989377E+02	-9.0000000E+01
+1.8591000E+00	+3.0429793E+02	-9.0000000E+01
+1.8640000E+00	+2.8251705E+02	-9.0000000E+01
+1.8689000E+00	+2.6376447E+02	-9.0000000E+01
+1.8738000E+00	+2.4745601E+02	-9.0000000E+01
+1.8787000E+00	+2.3314875E+02	-9.0000000E+01
+1.8836000E+00	+2.2050077E+02	-9.0000000E+01
+1.8885000E+00	+2.0924393E+02	-9.0000000E+01
+1.8934000E+00	+1.9916498E+02	-9.0000000E+01
+1.8983000E+00	+1.9009221E+02	-9.0000000E+01
+1.9032000E+00	+1.8188580E+02	-9.0000000E+01
+1.9081000E+00	+1.7443077E+02	-9.0000000E+01
+1.9130000E+00	+1.6763166E+02	-9.0000000E+01
+1.9179000E+00	+1.6140861E+02	-9.0000000E+01
+1.9228000E+00	+1.5569427E+02	-9.0000000E+01
+1.9277000E+00	+1.5043143E+02	-9.0000000E+01
+1.9326000E+00	+1.4557124E+02	-9.0000000E+01
+1.9375000E+00	+1.4107169E+02	-9.0000000E+01
+1.9424000E+00	+1.3689646E+02	-9.0000000E+01
+1.9473000E+00	+1.3301401E+02	-9.0000000E+01
+1.9522000E+00	+1.2939682E+02	-9.0000000E+01
+1.9571000E+00	+1.2602075E+02	-9.0000000E+01
+1.9620000E+00	+1.2286456E+02	-9.0000000E+01
+1.9669000E+00	+1.1990949E+02	-9.0000000E+01
+1.9718000E+00	+1.1713889E+02	-9.0000000E+01
+1.9767000E+00	+1.1453795E+02	-9.0000000E+01
+1.9816000E+00	+1.1209345E+02	-9.0000000E+01
+1.9865000E+00	+1.0979357E+02	-9.0000000E+01
+1.9914000E+00	+1.0762768E+02	-9.0000000E+01
+1.9963000E+00	+1.0558622E+02	-9.0000000E+01
+2.0012000E+00	+1.0366056E+02	-9.0000000E+01
+2.0061000E+00	+1.0184291E+02	-9.0000000E+01
+2.0110000E+00	+1.0012619E+02	-9.0000000E+01
+2.0159000E+00	+9.8503986E+01	-9.0000000E+01
+2.0208000E+00	+9.6970451E+01	-9.0000000E+01
+2.0257000E+00	+9.5520263E+01	-9.0000000E+01
+2.0306000E+00	+9.4148560E+01	-9.0000000E+01
+2.0355000E+00	+9.2850898E+01	-9.0000000E+01
+2.0404000E+00	+9.1623205E+01	-9.0000000E+01
+2.0453000E+00	+9.0461751E+01	-9.0000000E+01
+2.0502000E+00	+8.9363109E+01	-9.0000000E+01
+2.0551000E+00	+8.8324134E+01	-9.0000000E+01
+2.0600000E+00	+8.7341929E+01	-9.0000000E+01
+2.0649000E+00	+8.6413832E+01	-9.0000000E+01
+2.0698000E+00	+8.5537387E+01	-9.0000000E+01
+2.0747000E+00	+8.4710335E+01	-9.0000000E+01
+2.0796000E+00	+8.3930590E+01	-9.0000000E+01
+2.0845000E+00	+8.3196231E+01	-9.0000000E+01
+2.0894000E+00	+8.2505487E+01	-9.0000000E+01
+2.0943000E+00	+8.1856724E+01	-9.0000000E+01
+2.0992000E+00	+8.1248438E+01	-9.0000000E+01
+2.1041000E+00	+8.0679243E+01	-9.0000000E+01
+2.1090000E+00	+8.0147865E+01	-9.0000000E+01
+2.1139000E+00	+7.9653132E+01	-9.0000000E+01
+2.1188000E+00	+7.9193971E+01	-9.0000000E+01
+2.1237000E+00	+7.8769398E+01	-9.0000000E+01
+2.1286000E+00	+7.8378515E+01	-9.0000000E+01
+2.1335000E+00	+7.8020506E+01	-9.0000000E+01
+2.1384000E+00	+7.7694631E+01	-9.0000000E+01
+2.1433000E+00	+7.7400221E+01	-9.0000000E+01
+2.1482000E+00	+7.7136679E+01	-9.0000000E+01
+2.1531000E+00	+7.6903472E+01	-9.0000000E+01
+2.1580000E+00	+7.6700131E+01	-9.0000000E+01
+2.1629000E+00	+7.6526249E+01	-9.0000000E+01
+2.1678000E+00	+7.6381479E+01	-9.0000000E+01
+2.1727000E+00	+7.6265529E+01	-9.0000000E+01
+2.1776000E+00	+7.6178167E+01	-9.0000000E+01
+2.1825000E+00	+7.6119212E+01	-9.0000000E+01
+2.1874000E+00	+7.6088540E+01	-9.0000000E+01
+2.1923000E+00	+7.6086080E+01	-9.0000000E+01
+2.1972000E+00	+7.6111815E+01	-9.0000000E+01
+2.2021000E+00	+7.6165779E+01	-9.0000000E+01
+2.2070000E+00	+7.6248063E+01	-9.0000000E+01
+2.2119000E+00	+7.6358807E+01	-9.0000000E+01
+2.2168000E+00	+7.6498209E+01	-9.0000000E+01
+2.2217000E+00	+7.6666522E+01	-9.0000000E+01
+2.2266000E+00	+7.6864053E+01	-9.0000000E+01
+2.2315000E+00	+7.7091170E+01	-9.0000000E+01
+2.2364000E+00	+7.7348298E+01	-9.0000000E+01
+2.2413000E+00	+7.7635925E+01	-9.0000000E+01
+2.2462000E+00	+7.7954602E+01	-9.0000000E+01
+2.2511000E+00	+7.8304948E+01	-9.0000000E+01
+2.2560000E+00	+7.8687651E+01	-9.0000000E+01
+2.2609000E+00	+7.9103471E+01	-9.0000000E+01
+2.2658000E+00	+7.9553246E+01	-9.0000000E+01
+2.2707000E+00	+8.0037895E+01	-9.0000000E+01
+2.2756000E+00	+8.0558424E+01	-9.0000000E+01
+2.2805000E+00	+8.1115920E+01	-9.0000000E+01
+2.2854000E+00	+8.1711619E+01	-9.0000000E+01
+2.2903000E+00	+8.2346765E+01	-9.0000000E+01
+2.2952000E+00	+8.3022795E+01	-9.0000000E+01
+2.3001000E+00	+8.3741236E+01	-9.0000000E+01
+2.3050000E+00	+8.4503750E+01	-9.0000000E+01
+2.3099000E+00	+8.5312134E+01	-9.0000000E+01
+2.3148000E+00	+8.6168340E+01	-9.0000000E+01
+2.3197000E+00	+8.7074481E+01	-9.0000000E+01
+2.3246000E+00	+8.8032850E+01	-9.0000000E+01
+2.3295000E+00	+8.9045932E+01	-9.0000000E+01
+2.3344000E+00	+9.0116425E+01	-9.0000000E+01
+2.3393000E+00	+9.1247258E+01	-9.0000000E+01
+2.3442000E+00	+9.2441615E+01	-9.0000000E+01
+2.3491000E+00	+9.3702958E+01	-9.0000000E+01
+2.3540000E+00	+9.5035057E+01	-9.0000000E+01
+2.3589000E+00	+9.6442023E+01	-9.0000000E+01
+2.3638000E+00	+9.7928342E+01	-9.0000000E+01
+2.3687000E+00	+9.9498918E+01	-9.0000000E+01
+2.3736000E+00	+1.0115912E+02	-9.0000000E+01
+2.3785000E+00	+1.0291483E+02	-9.0000000E+01
+2.3834000E+00	+1.0477253E+02	-9.0000000E+01
+2.3883000E+00	+1.0673932E+02	-9.0000000E+01
+2.3932000E+00	+1.0882305E+02	-9.0000000E+01
+2.3981000E+00	+1.1103241E+02	-9.0000000E+01
+2.4030000E+00	+1.1337698E+02	-9.0000000E+01
+2.4079000E+00	+1.1586745E+02	-9.0000000E+01
+2.4128000E+00	+1.1851569E+02	-9.0000000E+01
+2.4177000E+00	+1.2133494E+02	-9.0000000E+01
+2.4226000E+00	+1.2434006E+02	-9.0000000E+01
+2.4275000E+00	+1.2754770E+02	-9.0000000E+01
+2.4324000E+00	+1.3097666E+02	-9.0000000E+01
+2.4373000E+00	+1.3464816E+02	-9.0000000E+01
+2.4422000E+00	+1.3858631E+02	-9.0000000E+01
+2.4471000E+00	+1.4281858E+02	-9.0000000E+01
+2.4520000E+00	+1.4737642E+02	-9.0000000E+01
+2.4569000E+00	+1.5229599E+02	-9.0000000E+01
+2.4618000E+00	+1.5761907E+02	-9.0000000E+01
+2.4667000E+00	+1.6339422E+02	-9.0000000E+01
+2.4716000E+00	+1.6967819E+02	-9.0000000E+01
+2.4765000E+00	+1.7653770E+02	-9.0000000E+01
+2.4814000E+00	+1.8405178E+02	-9.0000000E+01
+2.4863000E+00	+1.9231464E+02	-9.0000000E+01
+2.4912000E+00	+2.0143968E+02	-9.0000000E+01
+2.4961000E+00	+2.1156440E+02	-9.0000000E+01
+2.5010000E+00	+2.2285736E+02	-9.0000000E+01
+2.5059000E+00	+2.3552730E+02	-9.0000000E+01
+2.5108000E+00	+2.4983601E+02	-9.0000000E+01
+2.5157000E+00	+2.6611623E+02	-9.0000000E+01
+2.5206000E+00	+2.8479745E+02	-9.0000000E+01
+2.5255000E+00	+3.0644383E+02	-9.0000000E+01
+2.5304000E+00	+3.3181147E+02	-9.0000000E+01
+2.5353000E+00	+3.6193756E+02	-9.0000000E+01
+2.5402000E+00	+3.9828446E+02	-9.0000000E+01
+2.5451000E+00	+4.4298236E+02	-9.0000000E+01
+2.5500000E+00	+4.9925963E+02	-9.0000000E+01
+2.5549000E+00	+5.7225520E+02	-9.0000000E+01
+2.5598000E+00	+6.7067729E+02	-9.0000000E+01
+2.5647000E+00	+8.1055333E+02	-9.0000000E+01
+2.5696000E+00	+1.0249652E+03	-9.0000000E+01
+2.5745000E+00	+1.3949546E+03	-9.0000000E+01
+2.5794000E+00	+2.1858402E+03	-9.0000000E+01
+2.5843000E+00	+5.0609513E+03	-9.0000000E+01
+2.5892000E+00	+1.5938636E+04	+9.0000000E+01
+2.5941000E+00	+3.0919588E+03	+9.0000000E+01
+2.5990000E+00	+1.7112761E+03	+9.0000000E+01
+2.6039000E+00	+1.1827694E+03	+9.0000000E+01
+2.6088000E+00	+9.0360718E+02	+9.0000000E+01
+2.6137000E+00	+7.3105842E+02	+9.0000000E+01
+2.6186000E+00	+6.1387368E+02	+9.0000000E+01
+2.6235000E+00	+5.2911474E+02	+9.0000000E+01
+2.6284000E+00	+4.6497730E+02	+9.0000000E+01
+2.6333000E+00	+4.1476667E+02	+9.0000000E+01
+2.6382000E+00	+3.7440310E+02	+9.0000000E+01
+2.6431000E+00	+3.4125859E+02	+9.0000000E+01
+2.6480000E+00	+3.1356393E+02	+9.0000000E+01
+2.6529000E+00	+2.9008438E+02	+9.0000000E+01
+2.6578000E+00	+2.6993204E+02	+9.0000000E+01
+2.6627000E+00	+2.5245205E+02	+9.0000000E+01
+2.6676000E+00	+2.3715086E+02	+9.0000000E+01
+2.6725000E+00	+2.2364942E+02	+9.0000000E+01
+2.6774000E+00	+2.1165183E+02	+9.0000000E+01
+2.6823000E+00	+2.0092369E+02	+9.0000000E+01
+2.6872000E+00	+1.9127697E+02	+9.0000000E+01
+2.6921000E+00	+1.8255901E+02	+9.0000000E+01
+2.6970000E+00	+1.7464466E+02	+9.0000000E+01
+2.7019000E+00	+1.6743030E+02	+9.0000000E+01
+2.7068000E+00	+1.6082940E+02	+9.0000000E+01
+2.7117000E+00	+1.5476918E+02	+9.0000000E+01
+2.7166000E+00	+1.4918794E+02	+9.0000000E+01
+2.7215000E+00	+1.4403307E+02	+9.0000000E+01
+2.7264000E+00	+1.3925939E+02	+9.0000000E+01
+2.7313000E+00	+1.3482794E+02	+9.0000000E+01
+2.7362000E+00	+1.3070489E+02	+9.0000000E+01
+2.7411000E+00	+1.2686077E+02	+9.0000000E+01
+2.7460000E+00	+1.2326977E+02	+9.0000000E+01
+2.7509000E+00	+1.1990919E+02	+9.0000000E+01
+2.7558000E+00	+1.1675898E+02	+9.0000000E+01
+2.7607000E+00	+1.1380139E+02	+9.0000000E+01
+2.7656000E+00	+1.1102062E+02	+9.0000000E+01
+2.7705000E+00	+1.0840259E+02	+9.0000000E+01
+2.7754000E+00	+1.0593468E+02	+9.0000000E+01
+2.7803000E+00	+1.0360558E+02	+9.0000000E+01
+2.7852000E+00	+1.0140511E+02	+9.0000000E+01
+2.7901000E+00	+9.9324073E+01	+9.0000000E+01
+2.7950000E+00	+9.7354156E+01	+9.0000000E+01
+2.7999000E+00	+9.5487824E+01	+9.0000000E+01
+2.8048000E+00	+9.3718227E+01	+9.0000000E+01
+2.8097000E+00	+9.2039128E+01	+9.0000000E+01
+2.8146000E+00	+9.0444838E+01	+9.0000000E+01
+2.8195000E+00	+8.8930155E+01	+9.0000000E+01
+2.8244000E+00	+8.7490317E+01	+9.0000000E+01
+2.8293000E+00	+8.6120953E+01	+9.0000000E+01
+2.8342000E+00	+8.4818051E+01	+9.0000000E+01
+2.8391000E+00	+8.3577916E+01	+9.0000000E+01
+2.8440000E+00	+8.2397147E+01	+9.0000000E+01
+2.8489000E+00	+8.1272600E+01	+9.0000000E+01
+2.8538000E+00	+8.0201376E+01	+9.0000000E+01
+2.8587000E+00	+7.9180792E+01	+9.0000000E+01
+2.8636000E+00	+7.8208361E+01	+9.0000000E+01
+2.8685000E+00	+7.7281781E+01	+9.0000000E+01
+2.8734000E+00	+7.6398914E+01	+9.0000000E+01
+2.8783000E+00	+7.5557774E+01	+9.0000000E+01
+2.8832000E+00	+7.4756526E+01	+9.0000000E+01
+2.8881000E+00	+7.3993435E+01	+9.0000000E+01
+2.8930000E+00	+7.3266917E+01	+9.0000000E+01
+2.8979000E+00	+7.2575481E+01	+9.0000000E+01
+2.9028000E+00	+7.1917741E+01	+9.0000000E+01
+2.9077000E+00	+7.1292406E+01	+9.0000000E+01
+2.9126000E+00	+7.0698270E+01	+9.0000000E+01
+2.9175000E+00	+7.0134209E+01	+9.0000000E+01
+2.9224000E+00	+6.9599170E+01	+9.0000000E+01
+2.9273000E+00	+6.9092305E+01	+9.0000000E+01
+2.9322000E+00	+6.8612370E+01	+9.0000000E+01
+2.9371000E+00	+6.8158811E+01	+9.0000000E+01
+2.9420000E+00	+6.7730751E+01	+9.0000000E+01
+2.9469000E+00	+6.7327450E+01	+9.0000000E+01
+2.9518000E+00	+6.6948219E+01	+9.0000000E+01
+2.9567000E+00	+6.6592421E+01	+9.0000000E+01
+2.9616000E+00	+6.6259460E+01	+9.0000000E+01
+2.9665000E+00	+6.5948786E+01	+9.0000000E+01
+2.9714000E+00	+6.5659890E+01	+9.0000000E+01
+2.9763000E+00	+6.5392299E+01	+9.0000000E+01
+2.9812000E+00	+6.5145580E+01	+9.0000000E+01
+2.9861000E+00	+6.4919333E+01	+9.0000000E+01
+2.9910000E+00	+6.4713192E+01	+9.0000000E+01
+2.9959000E+00	+6.4526824E+01	+9.0000000E+01
+3.0008000E+00	+6.4359926E+01	+9.0000000E+01
+3.0057000E+00	+6.4212225E+01	+9.0000000E+01
+3.0106000E+00	+6.4083478E+01	+9.0000000E+01
+3.0155000E+00	+6.3973469E+01	+9.0000000E+01
+3.0204000E+00	+6.3882008E+01	+9.0000000E+01
+3.0253000E+00	+6.3808932E+01	+9.0000000E+01
+3.0302000E+00	+6.3754106E+01	+9.0000000E+01
+3.0351000E+00	+6.3717416E+01	+9.0000000E+01
+3.0400000E+00	+6.3698778E+01	+9.0000000E+01
+3.0449000E+00	+6.3698127E+01	+9.0000000E+01
+3.0498000E+00	+6.3715425E+01	+9.0000000E+01
+3.0547000E+00	+6.3750659E+01	+9.0000000E+01
+3.0596000E+00	+6.3803838E+01	+9.0000000E+01
+3.0645000E+00	+6.3874995E+01	+9.0000000E+01
+3.0694000E+00	+6.3964186E+01	+9.0000000E+01
+3.0743000E+00	+6.4071494E+01	+9.0000000E+01
+3.0792000E+00	+6.4197023E+01	+9.0000000E+01
+3.0841000E+00	+6.4340902E+01	+9.0000000E+01
+3.0890000E+00	+6.4503285E+01	+9.0000000E+01
+3.0939000E+00	+6.4684352E+01	+9.0000000E+01
+3.0988000E+00	+6.4884307E+01	+9.0000000E+01
+3.1037000E+00	+6.5103382E+01	+9.0000000E+01
+3.1086000E+00	+6.5341832E+01	+9.0000000E+01
+3.1135000E+00	+6.5599945E+01	+9.0000000E+01
+3.1184000E+00	+6.5878033E+01	+9.0000000E+01
+3.1233000E+00	+6.6176440E+01	+9.0000000E+01
+3.1282000E+00	+6.6495538E+01	+9.0000000E+01
+3.1331000E+00	+6.6835732E+01	+9.0000000E+01
+3.1380000E+00	+6.7197461E+01	+9.0000000E+01
+3.1429000E+00	+6.7581196E+01	+9.0000000E+01
+3.1478000E+00	+6.7987445E+01	+9.0000000E+01
+3.1527000E+00	+6.8416753E+01	+9.0000000E+01
+3.1576000E+00	+6.8869705E+01	+9.0000000E+01
+3.1625000E+00	+6.9346926E+01	+9.0000000E+01
+3.1674000E+00	+6.9849087E+01	+9.0000000E+01
+3.1723000E+00	+7.0376901E+01	+9.0000000E+01
+3.1772000E+00	+7.0931132E+01	+9.0000000E+01
+3.1821000E+00	+7.1512600E+01	+9.0000000E+01
+3.1870000E+00	+7.2122167E+01	+9.0000000E+01
+3.1919000E+00	+7.2760763E+01	+9.0000000E+01
+3.1968000E+00	+7.3429378E+01	+9.0000000E+01
+3.2017000E+00	+7.4129064E+01	+9.0000000E+01
+3.2066000E+00	+7.4860945E+01	+9.0000000E+01
+3.2115000E+00	+7.5626222E+01	+9.0000000E+01
+3.2164000E+00	+7.6426143E+01	+9.0000000E+01
+3.2213000E+00	+7.7262133E+01	+9.0000000E+01
+3.2262000E+00	+7.8135597E+01	+9.0000000E+01
+3.2311000E+00	+7.9048099E+01	+9.0000000E+01
+3.2360000E+00	+8.0001296E+01	+9.0000000E+01
+3.2409000E+00	+8.0996961E+01	+9.0000000E+01
+3.2458000E+00	+8.2036986E+01	+9.0000000E+01
+3.2507000E+00	+8.3123397E+01	+9.0000000E+01
+3.2556000E+00	+8.4258364E+01	+9.0000000E+01
+3.2605000E+00	+8.5444210E+01	+9.0000000E+01
+3.2654000E+00	+8.6683428E+01	+9.0000000E+01
+3.2703000E+00	+8.7978690E+01	+9.0000000E+01
+3.2752000E+00	+8.9332872E+01	+9.0000000E+01
+3.2801000E+00	+9.0749063E+01	+9.0000000E+01
+3.2850000E+00	+9.2230588E+01	+9.0000000E+01
+3.2899000E+00	+9.3781033E+01	+9.0000000E+01
+3.2948000E+00	+9.5404264E+01	+9.0000000E+01
+3.2997000E+00	+9.7104460E+01	+9.0000000E+01
+3.3046000E+00	+9.8886142E+01	+9.0000000E+01
+3.3095000E+00	+1.0075420E+02	+9.0000000E+01
+3.3144000E+00	+1.0271396E+02	+9.0000000E+01
+3.3193000E+00	+1.0477117E+02	+9.0000000E+01
+3.3242000E+00	+1.0693212E+02	+9.0000000E+01
+3.3291000E+00	+1.0920365E+02	+9.0000000E+01
+3.3340000E+00	+1.1159323E+02	+9.0000000E+01
+3.3389000E+00	+1.1410903E+02	+9.0000000E+01
+3.3438000E+00	+1.1676001E+02	+9.0000000E+01
+3.3487000E+00	+1.1955601E+02	+9.0000000E+01
+3.3536000E+00	+1.2250784E+02	+9.0000000E+01
+3.3585000E+00	+1.2562745E+02	+9.0000000E+01
+3.3634000E+00	+1.2892803E+02	+9.0000000E+01
+3.3683000E+00	+1.3242422E+02	+9.0000000E+01
+3.3732000E+00	+1.3613228E+02	+9.0000000E+01
+3.3781000E+00	+1.4007031E+02	+9.0000000E+01
+3.3830000E+00	+1.4425856E+02	+9.0000000E+01
+3.3879000E+00	+1.4871975E+02	+9.0000000E+01
+3.3928000E+00	+1.5347939E+02	+9.0000000E+01
+3.3977000E+00	+1.5856631E+02	+9.0000000E+01
+3.4026000E+00	+1.6401316E+02	+9.0000000E+01
+3.4075000E+00	+1.6985708E+02	+9.0000000E+01
+3.4124000E+00	+1.7614048E+02	+9.0000000E+01
+3.4173000E+00	+1.8291205E+02	+9.0000000E+01
+3.4222000E+00	+1.9022791E+02	+9.0000000E+01
+3.4271000E+00	+1.9815310E+02	+9.0000000E+01
+3.4320000E+00	+2.0676346E+02	+9.0000000E+01
+3.4369000E+00	+2.1614790E+02	+9.0000000E+01
+3.4418000E+00	+2.2641137E+02	+9.0000000E+01
+3.4467000E+00	+2.3767865E+02	+9.0000000E+01
+3.4516000E+00	+2.5009925E+02	+9.0000000E+01
+3.4565000E+00	+2.6385384E+02	+9.0000000E+01
+3.4614000E+00	+2.7916284E+02	+9.0000000E+01
+3.4663000E+00	+2.9629793E+02	+9.0000000E+01
+3.4712000E+00	+3.1559790E+02	+9.0000000E+01
+3.4761000E+00	+3.3749070E+02	+9.0000000E+01
+3.4810000E+00	+3.6252484E+02	+9.0000000E+01
+3.4859000E+00	+3.9141503E+02	+9.0000000E+01
+3.4908000E+00	+4.2511026E+02	+9.0000000E+01
+3.4957000E+00	+4.6489837E+02	+9.0000000E+01
+3.5006000E+00	+5.1257204E+02	+9.0000000E+01
+3.5055000E+00	+5.7070300E+02	+9.0000000E+01
+3.5104000E+00	+6.4311687E+02	+9.0000000E+01
+3.5153000E+00	+7.3576308E+02	+9.0000000E+01
+3.5202000E+00	+8.5842632E+02	+9.0000000E+01
+3.5251000E+00	+1.0284106E+03	+9.0000000E+01
+3.5300000E+00	+1.2794794E+03	+9.0000000E+01
+3.5349000E+00	+1.6875319E+03	+9.0000000E+01
+3.5398000E+00	+2.4661365E+03	+9.0000000E+01
+3.5447000E+00	+4.5376497E+03	+9.0000000E+01
+3.5496000E+00	+2.6798623E+04	+9.0000000E+01
+3.5545000E+00	+6.9627757E+03	-9.0000000E+01
+3.5594000E+00	+3.1021672E+03	-9.0000000E+01
+3.5643000E+00	+2.0047570E+03	-9.0000000E+01
+3.5692000E+00	+1.4860559E+03	-9.0000000E+01
+3.5741000E+00	+1.1839806E+03	-9.0000000E+01
+3.5790000E+00	+9.8638748E+02	-9.0000000E+01
+3.5839000E+00	+8.4715105E+02	-9.0000000E+01
+3.5888000E+00	+7.4381665E+02	-9.0000000E+01
+3.5937000E+00	+6.6414160E+02	-9.0000000E+01
+3.5986000E+00	+6.0088392E+02	-9.0000000E+01
+3.6035000E+00	+5.4948507E+02	-9.0000000E+01
+3.6084000E+00	+5.0693270E+02	-9.0000000E+01
+3.6133000E+00	+4.7115638E+02	-9.0000000E+01
+3.6182000E+00	+4.4068622E+02	-9.0000000E+01
+3.6231000E+00	+4.1444991E+02	-9.0000000E+01
+3.6280000E+00	+3.9164689E+02	-9.0000000E+01
+3.6329000E+00	+3.7166745E+02	-9.0000000E+01
+3.6378000E+00	+3.5403911E+02	-9.0000000E+01
+3.6427000E+00	+3.3839013E+02	-9.0000000E+01
+3.6476000E+00	+3.2442407E+02	-9.0000000E+01
+3.6525000E+00	+3.1190170E+02	-9.0000000E+01
+3.6574000E+00	+3.0062789E+02	-9.0000000E+01
+3.6623000E+00	+2.9044193E+02	-9.0000000E+01
+3.6672000E+00	+2.8121034E+02	-9.0000000E+01
+3.6721000E+00	+2.7282138E+02	-9.0000000E+01
+3.6770000E+00	+2.6518084E+02	-9.0000000E+01
+3.6819000E+00	+2.5820880E+02	-9.0000000E+01
+3.6868000E+00	+2.5183706E+02	-9.0000000E+01
+3.6917000E+00	+2.4600715E+02	-9.0000000E+01
+3.6966000E+00	+2.4066866E+02	-9.0000000E+01
+3.7015000E+00	+2.3577802E+02	-9.0000000E+01
+3.7064000E+00	+2.3129739E+02	-9.0000000E+01
+3.7113000E+00	+2.2719383E+02	-9.0000000E+01
+3.7162000E+00	+2.2343861E+02	-9.0000000E+01
+3.7211000E+00	+2.2000661E+02	-9.0000000E+01
+3.7260000E+00	+2.1687585E+02	-9.0000000E+01
+3.7309000E+00	+2.1402709E+02	-9.0000000E+01
+3.7358000E+00	+2.1144352E+02	-9.0000000E+01
+3.7407000E+00	+2.0911044E+02	-9.0000000E+01
+3.7456000E+00	+2.0701508E+02	-9.0000000E+01
+3.7505000E+00	+2.0514638E+02	-9.0000000E+01
+3.7554000E+00	+2.0349483E+02	-9.0000000E+01
+3.7603000E+00	+2.0205238E+02	-9.0000000E+01
+3.7652000E+00	+2.0081226E+02	-9.0000000E+01
+3.7701000E+00	+1.9976898E+02	-9.0000000E+01
+3.7750000E+00	+1.9891820E+02	-9.0000000E+01
+3.7799000E+00	+1.9825674E+02	-9.0000000E+01
+3.7848000E+00	+1.9778253E+02	-9.0000000E+01
+3.7897000E+00	+1.9749460E+02	-9.0000000E+01
+3.7946000E+00	+1.9739311E+02	-9.0000000E+01
+3.7995000E+00	+1.9747936E+02	-9.0000000E+01
+3.8044000E+00	+1.9775589E+02	-9.0000000E+01
+3.8093000E+00	+1.9822653E+02	-9.0000000E+01
+3.8142000E+00	+1.9889650E+02	-9.0000000E+01
+3.8191000E+00	+1.9977264E+02	-9.0000000E+01
+3.8240000E+00	+2.0086354E+02	-9.0000000E+01
+3.8289000E+00	+2.0217974E+02	-9.0000000E+01
+3.8338000E+00	+2.0373432E+02	-9.0000000E+01
+3.8387000E+00	+2.0554305E+02	-9.0000000E+01
+3.8436000E+00	+2.0762516E+02	-9.0000000E+01
+3.8485000E+00	+2.1000406E+02	-9.0000000E+01
+3.8534000E+00	+2.1270837E+02	-9.0000000E+01
+3.8583000E+00	+2.1577337E+02	-9.0000000E+01
+3.8632000E+00	+2.1924214E+02	-9.0000000E+01
+3.8681000E+00	+2.2317309E+02	-9.0000000E+01
+3.8730000E+00	+2.2763382E+02	-9.0000000E+01
+3.8779000E+00	+2.3271830E+02	-9.0000000E+01
+3.8828000E+00	+2.3855027E+02	-9.0000000E+01
+3.8877000E+00	+2.4529969E+02	-9.0000000E+01
+3.8926000E+00	+2.5320789E+02	-9.0000000E+01
+3.8975000E+00	+2.6263161E+02	-9.0000000E+01
+3.9024000E+00	+2.7412527E+02	-9.0000000E+01
+3.9073000E+00	+2.8860682E+02	-9.0000000E+01
+3.9122000E+00	+3.0772642E+02	-9.0000000E+01
+3.9171000E+00	+3.3480356E+02	-9.0000000E+01
+3.9220000E+00	+3.7770945E+02	-9.0000000E+01
+3.9269000E+00	+4.6090685E+02	-9.0000000E+01
+3.9318000E+00	+7.1882575E+02	-9.0000000E+01
+3.9367000E+00	+3.5162547E+03	+9.0000000E+01
+3.9416000E+00	+1.2032210E+02	+9.0000000E+01
+3.9465000E+00	+6.7855793E+01	-9.0000000E+01
+3.9514000E+00	+1.4155991E+02	-9.0000000E+01
+3.9563000E+00	+1.8512226E+02	-9.0000000E+01
+3.9612000E+00	+2.1702213E+02	-9.0000000E+01
+3.9661000E+00	+2.4379028E+02	-9.0000000E+01
+3.9710000E+00	+2.6844642E+02	-9.0000000E+01
+3.9759000E+00	+2.9270819E+02	-9.0000000E+01
+3.9808000E+00	+3.1776167E+02	-9.0000000E+01
+3.9857000E+00	+3.4459648E+02	-9.0000000E+01
+3.9906000E+00	+3.7419062E+02	-9.0000000E+01
+3.9955000E+00	+4.0764777E+02	-9.0000000E+01
+4.0004000E+00	+4.4634186E+02	-9.0000000E+01
+4.0053000E+00	+4.9210346E+02	-9.0000000E+01
+4.0102000E+00	+5.4751657E+02	-9.0000000E+01
+4.0151000E+00	+6.1641558E+02	-9.0000000E+01
+4.0200000E+00	+7.0482650E+02	-9.0000000E+01
+4.0249000E+00	+8.2282345E+02	-9.0000000E+01
+4.0298000E+00	+9.8869906E+02	-9.0000000E+01
+4.0347000E+00	+1.2395518E+03	-9.0000000E+01
+4.0396000E+00	+1.6638836E+03	-9.0000000E+01
+4.0445000E+00	+2.5380046E+03	-9.0000000E+01
+4.0494000E+00	+5.3870996E+03	-9.0000000E+01
+4.0543000E+00	+4.1213930E+04	+9.0000000E+01
+4.0592000E+00	+4.2420643E+03	+9.0000000E+01
+4.0641000E+00	+2.2280000E+03	+9.0000000E+01
+4.0690000E+00	+1.5069582E+03	+9.0000000E+01
+4.0739000E+00	+1.1363484E+03	+9.0000000E+01
+4.0788000E+00	+9.1066361E+02	+9.0000000E+01
+4.0837000E+00	+7.5881788E+02	+9.0000000E+01
+4.0886000E+00	+6.4968653E+02	+9.0000000E+01
+4.0935000E+00	+5.6748517E+02	+9.0000000E+01
+4.0984000E+00	+5.0335519E+02	+9.0000000E+01
+4.1033000E+00	+4.5194041E+02	+9.0000000E+01
+4.1082000E+00	+4.0981165E+02	+9.0000000E+01
+4.1131000E+00	+3.7467319E+02	+9.0000000E+01
+4.1180000E+00	+3.4492427E+02	+9.0000000E+01
+4.1229000E+00	+3.1942342E+02	+9.0000000E+01
+4.1278000E+00	+2.9732792E+02	+9.0000000E+01
+4.1327000E+00	+2.7800467E+02	+9.0000000E+01
+4.1376000E+00	+2.6096828E+02	+9.0000000E+01
+4.1425000E+00	+2.4584110E+02	+9.0000000E+01
+4.1474000E+00	+2.3232339E+02	+9.0000000E+01
+4.1523000E+00	+2.2017571E+02	+9.0000000E+01
+4.1572000E+00	+2.0920370E+02	+9.0000000E+01
+4.1621000E+00	+1.9924815E+02	+9.0000000E+01
+4.1670000E+00	+1.9017736E+02	+9.0000000E+01
+4.1719000E+00	+1.8188143E+02	+9.0000000E+01
+4.1768000E+00	+1.7426798E+02	+9.0000000E+01
+4.1817000E+00	+1.6725875E+02	+9.0000000E+01
+4.1866000E+00	+1.6078700E+02	+9.0000000E+01
+4.1915000E+00	+1.5479550E+02	+9.0000000E+01
+4.1964000E+00	+1.4923487E+02	+9.0000000E+01
+4.2013000E+00	+1.4406228E+02	+9.0000000E+01
+4.2062000E+00	+1.3924041E+02	+9.0000000E+01
+4.2111000E+00	+1.3473659E+02	+9.0000000E+01
+4.2160000E+00	+1.3052210E+02	+9.0000000E+01
+4.2209000E+00	+1.2657155E+02	+9.0000000E+01
+4.2258000E+00	+1.2286255E+02	+9.0000000E+01
+4.2307000E+00	+1.1937508E+02	+9.0000000E+01
+4.2356000E+00	+1.1609134E+02	+9.0000000E+01
+4.2405000E+00	+1.1299539E+02	+9.0000000E+01
+4.2454000E+00	+1.1007295E+02	+9.0000000E+01
+4.2503000E+00	+1.0731113E+02	+9.0000000E+01
+4.2552000E+00	+1.0469834E+02	+9.0000000E+01
+4.2601000E+00	+1.0222407E+02	+9.0000000E+01
+4.2650000E+00	+9.9878823E+01	+9.0000000E+01
+4.2699000E+00	+9.7653949E+01	+9.0000000E+01
+4.2748000E+00	+9.5541584E+01	+9.0000000E+01
+4.2797000E+00	+9.3534555E+01	+9.0000000E+01
+4.2846000E+00	+9.1626305E+01	+9.0000000E+01
+4.2895000E+00	+8.9810826E+01	+9.0000000E+01
+4.2944000E+00	+8.8082538E+01	+9.0000000E+01
+4.2993000E+00	+8.6437315E+01	+9.0000000E+01
+4.3042000E+00	+8.4868674E+01	+9.0000000E+01
+4.3091000E+00	+8.3373667E+01	+9.0000000E+01
+4.3140000E+00	+8.1948096E+01	+9.0000000E+01
+4.3189000E+00	+8.0588311E+01	+9.0000000E+01
+4.3238000E+00	+7.9290958E+01	+9.0000000E+01
+4.3287000E+00	+7.8052939E+01	+9.0000000E+01
+4.3336000E+00	+7.6871392E+01	+9.0000000E+01
+4.3385000E+00	+7.5743668E+01	+9.0000000E+01
+4.3434000E+00	+7.4667308E+01	+9.0000000E+01
+4.3483000E+00	+7.3640117E+01	+9.0000000E+01
+4.3532000E+00	+7.2659864E+01	+9.0000000E+01
+4.3581000E+00	+7.1724694E+01	+9.0000000E+01
+4.3630000E+00	+7.0832797E+01	+9.0000000E+01
+4.3679000E+00	+6.9982512E+01	+9.0000000E+01
+4.3728000E+00	+6.9172307E+01	+9.0000000E+01
+4.3777000E+00	+6.8400772E+01	+9.0000000E+01
+4.3826000E+00	+6.7666610E+01	+9.0000000E+01
+4.3875000E+00	+6.6968650E+01	+9.0000000E+01
+4.3924000E+00	+6.6305734E+01	+9.0000000E+01
+4.3973000E+00	+6.5676960E+01	+9.0000000E+01
+4.4022000E+00	+6.5081400E+01	+9.0000000E+01
+4.4071000E+00	+6.4518255E+01	+9.0000000E+01
+4.4120000E+00	+6.3986817E+01	+9.0000000E+01
+4.4169000E+00	+6.3486467E+01	+9.0000000E+01
+4.4218000E+00	+6.3016657E+01	+9.0000000E+01
+4.4267000E+00	+6.2576966E+01	+9.0000000E+01
+4.4316000E+00	+6.2167025E+01	+9.0000000E+01
+4.4365000E+00	+6.1786572E+01	+9.0000000E+01
+4.4414000E+00	+6.1435427E+01	+9.0000000E+01
+4.4463000E+00	+6.1113703E+01	+9.0000000E+01
+4.4512000E+00	+6.0821048E+01	+9.0000000E+01
+4.4561000E+00	+6.0557686E+01	+9.0000000E+01
+4.4610000E+00	+6.0324241E+01	+9.0000000E+01
+4.4659000E+00	+6.0120801E+01	+9.0000000E+01
+4.4708000E+00	+5.9947939E+01	+9.0000000E+01
+4.4757000E+00	+5.9806340E+01	+9.0000000E+01
+4.4806000E+00	+5.9696854E+01	+9.0000000E+01
+4.4855000E+00	+5.9620528E+01	+9.0000000E+01
+4.4904000E+00	+5.9578629E+01	+9.0000000E+01
+4.4953000E+00	+5.9572679E+01	+9.0000000E+01
+4.5002000E+00	+5.9604494E+01	+9.0000000E+01
+4.5051000E+00	+5.9676232E+01	+9.0000000E+01
+4.5100000E+00	+5.9790460E+01	+9.0000000E+01
+4.5149000E+00	+5.9950225E+01	+9.0000000E+01
+4.5198000E+00	+6.0159150E+01	+9.0000000E+01
+4.5247000E+00	+6.0421561E+01	+9.0000000E+01
+4.5296000E+00	+6.0742637E+01	+9.0000000E+01
+4.5345000E+00	+6.1128615E+01	+9.0000000E+01
+4.5394000E+00	+6.1587045E+01	+9.0000000E+01
+4.5443000E+00	+6.2127145E+01	+9.0000000E+01
+4.5492000E+00	+6.2760256E+01	+9.0000000E+01
+4.5541000E+00	+6.3500472E+01	+9.0000000E+01
+4.5590000E+00	+6.4365508E+01	+9.0000000E+01
+4.5639000E+00	+6.5377922E+01	+9.0000000E+01
+4.5688000E+00	+6.6566880E+01	+9.0000000E+01
+4.5737000E+00	+6.7970524E+01	+9.0000000E+01
+4.5786000E+00	+6.9640490E+01	+9.0000000E+01
+4.5835000E+00	+7.1647069E+01	+9.0000000E+01
+4.5884000E+00	+7.4089600E+01	+9.0000000E+01
+4.5933000E+00	+7.7112712E+01	+9.0000000E+01
+4.5982000E+00	+8.0935481E+01	+9.0000000E+01
+4.6031000E+00	+8.5906397E+01	+9.0000000E+01
+4.6080000E+00	+9.2615481E+01	+9.0000000E+01
+4.6129000E+00	+1.0214741E+02	+9.0000000E+01
+4.6178000E+00	+1.1673743E+02	+9.0000000E+01
+4.6227000E+00	+1.4184767E+02	+9.0000000E+01
+4.6276000E+00	+1.9527934E+02	+9.0000000E+01
+4.6325000E+00	+3.8723097E+02	+9.0000000E+01
+4.6374000E+00	+1.0938604E+03	-9.0000000E+01
+4.6423000E+00	+1.6527357E+02	-9.0000000E+01
+4.6472000E+00	+6.9624987E+01	-9.0000000E+01
+4.6521000E+00	+3.3122555E+01	-9.0000000E+01
+4.6570000E+00	+1.3801256E+01	-9.0000000E+01
+4.6619000E+00	+1.7951379E+00	-9.0000000E+01
+4.6668000E+00	+6.4262082E+00	+9.0000000E+01
+4.6717000E+00	+1.2441128E+01	+9.0000000E+01
+4.6766000E+00	+1.7060275E+01	+9.0000000E+01
+4.6815000E+00	+2.0743414E+01	+9.0000000E+01
+4.6864000E+00	+2.3770747E+01	+9.0000000E+01
+4.6913000E+00	+2.6322887E+01	+9.0000000E+01
+4.6962000E+00	+2.8521584E+01	+9.0000000E+01
+4.7011000E+00	+3.0451874E+01	+9.0000000E+01
+4.7060000E+00	+3.2176776E+01	+9.0000000E+01
+4.7109000E+00	+3.3738919E+01	+9.0000000E+01
+4.7158000E+00	+3.5174910E+01	+9.0000000E+01
+4.7207000E+00	+3.6511198E+01	+9.0000000E+01
+4.7256000E+00	+3.7768957E+01	+9.0000000E+01
+4.7305000E+00	+3.8965248E+01	+9.0000000E+01
+4.7354000E+00	+4.0114058E+01	+9.0000000E+01
+4.7403000E+00	+4.1227042E+01	+9.0000000E+01
+4.7452000E+00	+4.2314080E+01	+9.0000000E+01
+4.7501000E+00	+4.3383689E+01	+9.0000000E+01
+4.7550000E+00	+4.4443338E+01	+9.0000000E+01
+4.7599000E+00	+4.5499522E+01	+9.0000000E+01
+4.7648000E+00	+4.6558713E+01	+9.0000000E+01
+4.7697000E+00	+4.7626193E+01	+9.0000000E+01
+4.7746000E+00	+4.8707250E+01	+9.0000000E+01
+4.7795000E+00	+4.9806954E+01	+9.0000000E+01
+4.7844000E+00	+5.0930216E+01	+9.0000000E+01
+4.7893000E+00	+5.2081897E+01	+9.0000000E+01
+4.7942000E+00	+5.3266887E+01	+9.0000000E+01
+4.7991000E+00	+5.4490172E+01	+9.0000000E+01
+4.8040000E+00	+5.5756908E+01	+9.0000000E+01
+4.8089000E+00	+5.7072492E+01	+9.0000000E+01
+4.8138000E+00	+5.8442635E+01	+9.0000000E+01
+4.8187000E+00	+5.9873443E+01	+9.0000000E+01
+4.8236000E+00	+6.1371858E+01	+9.0000000E+01
+4.8285000E+00	+6.2943943E+01	+9.0000000E+01
+4.8334000E+00	+6.4598689E+01	+9.0000000E+01
+4.8383000E+00	+6.6344379E+01	+9.0000000E+01
+4.8432000E+00	+6.8190665E+01	+9.0000000E+01
+4.8481000E+00	+7.0148342E+01	+9.0000000E+01
+4.8530000E+00	+7.2229570E+01	+9.0000000E+01
+4.8579000E+00	+7.4448126E+01	+9.0000000E+01
+4.8628000E+00	+7.6819720E+01	+9.0000000E+01
+4.8677000E+00	+7.9362383E+01	+9.0000000E+01
+4.8726000E+00	+8.2096938E+01	+9.0000000E+01
+4.8775000E+00	+8.5047604E+01	+9.0000000E+01
+4.8824000E+00	+8.8242746E+01	+9.0000000E+01
+4.8873000E+00	+9.1715844E+01	+9.0000000E+01
+4.8922000E+00	+9.5506734E+01	+9.0000000E+01
+4.8971000E+00	+9.9663236E+01	+9.0000000E+01
+4.9020000E+00	+1.0424331E+02	+9.0000000E+01
+4.9069000E+00	+1.0931795E+02	+9.0000000E+01
+4.9118000E+00	+1.1497511E+02	+9.0000000E+01
+4.9167000E+00	+1.2132520E+02	+9.0000000E+01
+4.9216000E+00	+1.2850884E+02	+9.0000000E+01
+4.9265000E+00	+1.3670801E+02	+9.0000000E+01
+4.9314000E+00	+1.4616274E+02	+9.0000000E+01
+4.9363000E+00	+1.5719636E+02	+9.0000000E+01
+4.9412000E+00	+1.7025543E+02	+9.0000000E+01
+4.9461000E+00	+1.8597513E+02	+9.0000000E+01
+4.9510000E+00	+2.0528277E+02	+9.0000000E+01
+4.9559000E+00	+2.2964033E+02	+9.0000000E+01
+4.9608000E+00	+2.6135776E+02	+9.0000000E+01
+4.9657000E+00	+3.0449597E+02	+9.0000000E+01
+4.9706000E+00	+3.6677881E+02	+9.0000000E+01
+4.9755000E+00	+4.6497952E+02	+9.0000000E+01
+4.9804000E+00	+6.4368662E+02	+9.0000000E+01
+4.9853000E+00	+1.0738800E+03	+9.0000000E+01
+4.9902000E+00	+3.5913173E+03	+9.0000000E+01
+4.9951000E+00	+2.4305515E+03	-9.0000000E+01
+5.0000000E+00	+8.7153596E+02	-9.0000000E+01
