
SetFactory("OpenCASCADE");

Point(1) = {-0.2870655, 0, 0, 0.005};
Point(2) = {-0.2870655, 0.039, 0, 0.005};
Line(1) = {1, 2};

Point(3) = {-0.05626549999999997, 0.039, 0, 0.005};
Line(2) = {2, 3};

Point(4) = {-0.05626549999999997, 0.0525, 0, 0.005};
Point(5) = {-0.046265499999999966, 0.0525, 0, 0.005};
Point(6) = {-0.04694187248675383, 0.0476194241820763, 0, 0.005};
Ellipse(3) = {3, 4, 5, 6};

Point(7) = {-0.039321890547693195, 0.07414930689309303, 0, 0.005};
Line(4) = {6, 7};

Point(8) = {-0.0005494999999999806, 0.063013, 0, 0.005};
Point(9) = {-0.04088949999999998, 0.063013, 0, 0.005};
Point(10) = {-0.0005494999999999806, 0.103353, 0, 0.005};
Ellipse(5) = {7, 8, 9, 10};

Point(11) = {-0.0005494999999999806, 0.061353, 0, 0.005};
Point(12) = {0.04145050000000002, 0.061353, 0, 0.005};
Point(13) = {0.039547940450535, 0.0738508105808894, 0, 0.005};
Ellipse(6) = {10, 11, 12, 13};

Point(14) = {0.04803766472945592, 0.04661274263992957, 0, 0.005};
Line(7) = {13, 14};

Point(15) = {0.056265500000000024, 0.0518, 0, 0.005};
Point(16) = {0.06526550000000003, 0.0518, 0, 0.005};
Point(17) = {0.056265500000000024, 0.039, 0, 0.005};
Ellipse(8) = {14, 15, 16, 17};

Point(18) = {0.2870655, 0.039, 0, 0.005};
Line(9) = {17, 18};

Point(19) = {0.2870655, 0, 0, 0.005};
Line(10) = {18, 19};

Line(11) = {19, 1};

Physical Line("PEC") = {2, 3, 4, 5, 6, 7, 8, 9};
Physical Line("PMC") = {1, 10};
Physical Line("AXI") = {11};

Curve Loop(1) = {1, 2, 3, 4, 5, 6, 7, 8, 9, 10, 11};
Plane Surface(1) = {1};
Reverse Surface 1;
Physical Surface("Domain") = 1;