
SetFactory("OpenCASCADE");

Point(1) = {-0.4024655, 0, 0, 0.005};
Point(2) = {-0.4024655, 0.039, 0, 0.005};
Line(1) = {1, 2};

Point(3) = {-0.17166549999999997, 0.039, 0, 0.005};
Line(2) = {2, 3};

Point(4) = {-0.17166549999999997, 0.0525, 0, 0.005};
Point(5) = {-0.16166549999999996, 0.0525, 0, 0.005};
Point(6) = {-0.16234187248675383, 0.0476194241820763, 0, 0.005};
Ellipse(3) = {3, 4, 5, 6};

Point(7) = {-0.1547218905476932, 0.07414930689309303, 0, 0.005};
Line(4) = {6, 7};

Point(8) = {-0.11594949999999998, 0.063013, 0, 0.005};
Point(9) = {-0.15628949999999997, 0.063013, 0, 0.005};
Point(10) = {-0.11594949999999998, 0.103353, 0, 0.005};
Ellipse(5) = {7, 8, 9, 10};

Point(11) = {-0.11594949999999998, 0.061353, 0, 0.005};
Point(12) = {-0.10394949999999999, 0.061353, 0, 0.005};
Point(13) = {-0.0750726248097413, 0.07100085337160596, 0, 0.005};
Ellipse(6) = {10, 11, 12, 13};

Point(14) = {-0.06949023991566705, 0.047348913215607275, 0, 0.005};
Line(7) = {13, 14};

Point(15) = {-0.058249499999999954, 0.054000000000000006, 0, 0.005};
Point(16) = {-0.10024949999999996, 0.054000000000000006, 0, 0.005};
Point(17) = {-0.05824950000000001, 0.035, 0, 0.005};
Ellipse(8) = {14, 15, 16, 17};

Point(18) = {-0.058249499999999954, 0.054000000000000006, 0, 0.005};
Point(19) = {-0.04624949999999996, 0.054000000000000006, 0, 0.005};
Point(20) = {-0.047008760084332885, 0.047348913215607275, 0, 0.005};
Ellipse(9) = {17, 18, 19, 20};

Point(21) = {-0.0414263751902586, 0.07100085337160596, 0, 0.005};
Line(10) = {20, 21};

Point(22) = {-0.0005494999999999806, 0.061353, 0, 0.005};
Point(23) = {-0.04254949999999998, 0.061353, 0, 0.005};
Point(24) = {-0.0005494999999999806, 0.103353, 0, 0.005};
Ellipse(11) = {21, 22, 23, 24};

Point(25) = {-0.0005494999999999806, 0.061353, 0, 0.005};
Point(26) = {0.04145050000000002, 0.061353, 0, 0.005};
Point(27) = {0.040327375190258696, 0.07100085337160596, 0, 0.005};
Ellipse(12) = {24, 25, 26, 27};

Point(28) = {0.04590976008433301, 0.047348913215607275, 0, 0.005};
Line(13) = {27, 28};

Point(29) = {0.05715050000000005, 0.054000000000000006, 0, 0.005};
Point(30) = {0.04515050000000005, 0.054000000000000006, 0, 0.005};
Point(31) = {0.05715049999999999, 0.035, 0, 0.005};
Ellipse(14) = {28, 29, 30, 31};

Point(32) = {0.05715050000000005, 0.054000000000000006, 0, 0.005};
Point(33) = {0.06615050000000006, 0.054000000000000006, 0, 0.005};
Point(34) = {0.06839123991566712, 0.047348913215607275, 0, 0.005};
Ellipse(15) = {31, 32, 33, 34};

Point(35) = {0.0739736248097414, 0.07100085337160596, 0, 0.005};
Line(16) = {34, 35};

Point(36) = {0.11485050000000002, 0.061353, 0, 0.005};
Point(37) = {0.07285050000000001, 0.061353, 0, 0.005};
Point(38) = {0.11485050000000002, 0.103353, 0, 0.005};
Ellipse(17) = {35, 36, 37, 38};

Point(39) = {0.11485050000000002, 0.061353, 0, 0.005};
Point(40) = {0.15685050000000003, 0.061353, 0, 0.005};
Point(41) = {0.15494794045053506, 0.0738508105808894, 0, 0.005};
Ellipse(18) = {38, 39, 40, 41};

Point(42) = {0.16343766472945598, 0.04661274263992957, 0, 0.005};
Line(19) = {41, 42};

Point(43) = {0.17166550000000008, 0.0518, 0, 0.005};
Point(44) = {0.16266550000000007, 0.0518, 0, 0.005};
Point(45) = {0.17166550000000003, 0.039, 0, 0.005};
Ellipse(20) = {42, 43, 44, 45};

Point(46) = {0.4024655, 0.039, 0, 0.005};
Line(21) = {45, 46};

Point(47) = {0.4024655, 0, 0, 0.005};
Line(22) = {46, 47};

Line(23) = {47, 1};

Physical Line("PEC") = {2, 3, 4, 5, 6, 7, 8, 9, 10, 11, 12, 13, 14, 15, 16, 17, 18, 19, 20, 21};
Physical Line("PMC") = {1, 22};
Physical Line("AXI") = {23};

Curve Loop(1) = {1, 2, 3, 4, 5, 6, 7, 8, 9, 10, 11, 12, 13, 14, 15, 16, 17, 18, 19, 20, 21, 22, 23};
Plane Surface(1) = {1};
Reverse Surface 1;
Physical Surface("Domain") = 1;