
SetFactory("OpenCASCADE");

Point(1) = {-0.17210799999999998, 0, 0, 0.005};
Point(2) = {-0.17210799999999998, 0.039, 0, 0.005};
Line(1) = {1, 2};

Point(3) = {0.05869200000000002, 0.039, 0, 0.005};
Line(2) = {2, 3};

Point(4) = {0.05869200000000002, 0.0525, 0, 0.005};
Point(5) = {0.06869200000000002, 0.0525, 0, 0.005};
Point(6) = {0.06801562751324616, 0.0476194241820763, 0, 0.005};
Ellipse(3) = {3, 4, 5, 6};

Point(7) = {0.0756356094523068, 0.07414930689309303, 0, 0.005};
Line(4) = {6, 7};

Point(8) = {0.11440800000000001, 0.063013, 0, 0.005};
Point(9) = {0.07406800000000001, 0.063013, 0, 0.005};
Point(10) = {0.11440800000000001, 0.103353, 0, 0.005};
Ellipse(5) = {7, 8, 9, 10};

Point(11) = {0.11440800000000001, 0.061353, 0, 0.005};
Point(12) = {0.15640800000000002, 0.061353, 0, 0.005};
Point(13) = {0.15528487519025863, 0.071000853371606, 0, 0.005};
Ellipse(6) = {10, 11, 12, 13};

Point(14) = {0.160867260084333, 0.047348913215607254, 0, 0.005};
Line(7) = {13, 14};

Point(15) = {0.17210800000000004, 0.054000000000000006, 0, 0.005};
Point(16) = {0.012000000000000066, 0.054000000000000006, 0, 0.005};
Point(17) = {0.17210799999999998, 0.035, 0, 0.005};
Ellipse(8) = {14, 15, 16, 17};

Point(18) = {0.17210800000000004, 0, 0, 0.005};
Line(9) = {17, 18};

Line(10) = {18, 1};

Physical Line("PEC") = {2, 3, 4, 5, 6, 7, 8};
Physical Line("PMC") = {1, 9};
Physical Line("AXI") = {10};

Curve Loop(1) = {1, 2, 3, 4, 5, 6, 7, 8, 9, 10};
Plane Surface(1) = {1};
Reverse Surface 1;
Physical Surface("Domain") = 1;