
SetFactory("OpenCASCADE");

Point(1) = {-0.1726575, 0, 0, 0.005};
Point(2) = {-0.1726575, 0.035, 0, 0.005};
Line(1) = {1, 2};

Point(3) = {-0.1726575, 0.054000000000000006, 0, 0.005};
Point(4) = {-0.16065749999999998, 0.054000000000000006, 0, 0.005};
Point(5) = {-0.16141676008433292, 0.047348913215607254, 0, 0.005};
Ellipse(2) = {2, 3, 4, 5};

Point(6) = {-0.1558343751902586, 0.071000853371606, 0, 0.005};
Line(3) = {5, 6};

Point(7) = {-0.11495749999999999, 0.061353, 0, 0.005};
Point(8) = {-0.1569575, 0.061353, 0, 0.005};
Point(9) = {-0.11495749999999999, 0.103353, 0, 0.005};
Ellipse(4) = {6, 7, 8, 9};

Point(10) = {-0.11495749999999999, 0.061353, 0, 0.005};
Point(11) = {-0.07295749999999998, 0.061353, 0, 0.005};
Point(12) = {-0.07486005954946498, 0.0738508105808894, 0, 0.005};
Ellipse(5) = {9, 10, 11, 12};

Point(13) = {-0.06637033527054406, 0.04661274263992957, 0, 0.005};
Line(6) = {12, 13};

Point(14) = {-0.058142499999999986, 0.0518, 0, 0.005};
Point(15) = {-0.049142499999999985, 0.0518, 0, 0.005};
Point(16) = {-0.058142499999999986, 0.039, 0, 0.005};
Ellipse(7) = {13, 14, 15, 16};

Point(17) = {0.17265750000000005, 0.039, 0, 0.005};
Line(8) = {16, 17};

Point(18) = {0.17265750000000005, 0, 0, 0.005};
Line(9) = {17, 18};

Line(10) = {18, 1};

Physical Line("PEC") = {2, 3, 4, 5, 6, 7, 8};
Physical Line("PMC") = {1, 9};
Physical Line("AXI") = {10};

Curve Loop(1) = {1, 2, 3, 4, 5, 6, 7, 8, 9, 10};
Plane Surface(1) = {1};
Reverse Surface 1;
Physical Surface("Domain") = 1;